(base) doris@Eric-M1 Notebook % python3 sarima-mth-mape-no-2022.py
(72, 1)
 > Model[[(0, 0, 0), (0, 0, 0, 0), 'n']] 1.000
 > Model[[(0, 0, 0), (0, 0, 0, 12), 'n']] 1.000
 > Model[[(0, 0, 0), (1, 0, 0, 12), 'n']] 0.074
 > Model[[(0, 0, 0), (0, 1, 0, 12), 'n']] 0.059
 > Model[[(0, 0, 0), (0, 0, 1, 12), 'n']] 0.515
 > Model[[(0, 0, 0), (1, 0, 1, 12), 'n']] 0.071
 > Model[[(0, 0, 0), (1, 1, 0, 12), 'n']] 0.040
 > Model[[(0, 0, 0), (2, 0, 0, 12), 'n']] 0.039
 > Model[[(0, 0, 0), (0, 1, 1, 12), 'n']] 0.049
 > Model[[(0, 0, 0), (1, 1, 1, 12), 'n']] 0.041
 > Model[[(0, 0, 0), (0, 0, 0, 0), 'c']] 0.105
 > Model[[(0, 0, 0), (0, 0, 0, 12), 'c']] 0.105
 > Model[[(0, 0, 0), (0, 0, 1, 12), 'c']] 0.068
 > Model[[(0, 0, 0), (0, 0, 2, 12), 'n']] 0.455
 > Model[[(0, 0, 0), (0, 1, 0, 12), 'c']] 0.077
 > Model[[(0, 0, 0), (1, 0, 2, 12), 'n']] 0.080
 > Model[[(0, 0, 0), (2, 0, 1, 12), 'n']] 0.045
 > Model[[(0, 0, 0), (1, 0, 0, 12), 'c']] 0.066
 > Model[[(0, 0, 0), (1, 0, 1, 12), 'c']] 0.103
 > Model[[(0, 0, 0), (0, 1, 1, 12), 'c']] 0.070
 > Model[[(0, 0, 0), (0, 0, 2, 12), 'c']] 0.060
 > Model[[(0, 0, 0), (2, 0, 2, 12), 'n']] 0.056
 > Model[[(0, 0, 0), (2, 1, 0, 12), 'n']] 0.056
 > Model[[(0, 0, 0), (1, 1, 0, 12), 'c']] 0.041
 > Model[[(0, 0, 0), (1, 0, 2, 12), 'c']] 0.050
 > Model[[(0, 0, 0), (1, 1, 1, 12), 'c']] 0.044
 > Model[[(0, 0, 0), (2, 0, 0, 12), 'c']] 0.101
 > Model[[(0, 0, 0), (2, 0, 1, 12), 'c']] 0.060
 > Model[[(0, 0, 0), (2, 0, 2, 12), 'c']] 0.046
 > Model[[(0, 0, 0), (0, 0, 0, 0), 't']] 0.556
 > Model[[(0, 0, 0), (0, 0, 0, 12), 't']] 0.556
 > Model[[(0, 0, 0), (0, 0, 1, 12), 't']] 0.291
 > Model[[(0, 0, 0), (0, 0, 2, 12), 't']] 0.122
 > Model[[(0, 0, 0), (0, 1, 0, 12), 't']] 0.088
 > Model[[(0, 0, 0), (0, 1, 1, 12), 't']] 0.077
 > Model[[(0, 0, 0), (0, 1, 2, 12), 'n']] 0.049
 > Model[[(0, 0, 0), (1, 0, 0, 12), 't']] 0.072
 > Model[[(0, 0, 0), (1, 0, 1, 12), 't']] 0.286
 > Model[[(0, 0, 0), (1, 0, 2, 12), 't']] 0.212
 > Model[[(0, 0, 0), (1, 1, 0, 12), 't']] 0.060
 > Model[[(0, 0, 0), (1, 1, 1, 12), 't']] 0.067
 > Model[[(0, 0, 0), (0, 1, 2, 12), 'c']] 0.052
 > Model[[(0, 0, 0), (1, 1, 2, 12), 'n']] 0.026
 > Model[[(0, 0, 0), (2, 0, 0, 12), 't']] 0.077
 > Model[[(0, 0, 0), (2, 0, 1, 12), 't']] 0.107
 > Model[[(0, 0, 0), (2, 0, 2, 12), 't']] 0.221
 > Model[[(0, 0, 0), (2, 1, 1, 12), 'n']] 0.052
 > Model[[(0, 0, 0), (1, 1, 2, 12), 'c']] 0.050
 > Model[[(0, 0, 0), (0, 0, 0, 0), 'ct']] 0.087
 > Model[[(0, 0, 0), (0, 0, 0, 12), 'ct']] 0.087
 > Model[[(0, 0, 0), (0, 0, 1, 12), 'ct']] 0.066
 > Model[[(0, 0, 0), (0, 0, 2, 12), 'ct']] 0.090
 > Model[[(0, 0, 0), (0, 1, 0, 12), 'ct']] 0.076
 > Model[[(0, 0, 0), (0, 1, 1, 12), 'ct']] 0.069
 > Model[[(0, 0, 0), (0, 1, 2, 12), 't']] 0.067
 > Model[[(0, 0, 0), (1, 0, 0, 12), 'ct']] 0.087
 > Model[[(0, 0, 0), (1, 0, 1, 12), 'ct']] 0.126
 > Model[[(0, 0, 0), (2, 1, 2, 12), 'n']] 0.028
 > Model[[(0, 0, 0), (1, 0, 2, 12), 'ct']] 0.095
 > Model[[(0, 0, 0), (1, 1, 0, 12), 'ct']] 0.054
 > Model[[(0, 0, 0), (1, 1, 1, 12), 'ct']] 0.061
 > Model[[(0, 0, 0), (2, 1, 0, 12), 'c']] 0.041
 > Model[[(0, 0, 0), (2, 1, 2, 12), 'c']] 0.048
 > Model[[(0, 0, 0), (2, 0, 0, 12), 'ct']] 0.100
 > Model[[(0, 0, 0), (2, 0, 1, 12), 'ct']] 0.071
 > Model[[(0, 0, 0), (2, 0, 2, 12), 'ct']] 0.059
 > Model[[(0, 0, 0), (2, 1, 1, 12), 'c']] 0.057
 > Model[[(0, 0, 1), (0, 0, 0, 0), 'n']] 0.499
 > Model[[(0, 0, 1), (0, 0, 0, 12), 'n']] 0.499
 > Model[[(0, 0, 1), (0, 0, 1, 12), 'n']] 0.312
 > Model[[(0, 0, 1), (0, 0, 2, 12), 'n']] 0.271
 > Model[[(0, 0, 1), (0, 1, 0, 12), 'n']] 0.052
 > Model[[(0, 0, 1), (0, 1, 1, 12), 'n']] 0.038
 > Model[[(0, 0, 0), (2, 1, 0, 12), 't']] 0.053
 > Model[[(0, 0, 1), (1, 0, 0, 12), 'n']] 0.070
 > Model[[(0, 0, 1), (1, 0, 1, 12), 'n']] 0.053
 > Model[[(0, 0, 0), (1, 1, 2, 12), 't']] 0.067
 > Model[[(0, 0, 1), (1, 1, 0, 12), 'n']] 0.050
 > Model[[(0, 0, 1), (1, 0, 2, 12), 'n']] 0.080
 > Model[[(0, 0, 1), (1, 1, 1, 12), 'n']] 0.029
 > Model[[(0, 0, 0), (0, 1, 2, 12), 'ct']] 0.064
 > Model[[(0, 0, 1), (0, 1, 2, 12), 'n']] 0.050
 > Model[[(0, 0, 1), (2, 0, 0, 12), 'n']] 0.079
 > Model[[(0, 0, 1), (2, 0, 1, 12), 'n']] 0.095
 > Model[[(0, 0, 1), (2, 0, 2, 12), 'n']] 0.041
 > Model[[(0, 0, 0), (2, 1, 0, 12), 'ct']] 0.046
 > Model[[(0, 0, 1), (0, 0, 0, 0), 'c']] 0.077
 > Model[[(0, 0, 1), (0, 0, 0, 12), 'c']] 0.077
 > Model[[(0, 0, 1), (0, 0, 1, 12), 'c']] 0.062
 > Model[[(0, 0, 1), (0, 0, 2, 12), 'c']] 0.042
 > Model[[(0, 0, 1), (0, 1, 0, 12), 'c']] 0.059
 > Model[[(0, 0, 1), (2, 1, 0, 12), 'n']] 0.030
 > Model[[(0, 0, 1), (0, 1, 1, 12), 'c']] 0.048
 > Model[[(0, 0, 1), (1, 0, 0, 12), 'c']] 0.082
 > Model[[(0, 0, 1), (1, 0, 1, 12), 'c']] 0.053
 > Model[[(0, 0, 0), (2, 1, 1, 12), 't']] 0.069
 > Model[[(0, 0, 1), (1, 0, 2, 12), 'c']] 0.040
 > Model[[(0, 0, 1), (1, 1, 0, 12), 'c']] 0.053
 > Model[[(0, 0, 1), (1, 1, 1, 12), 'c']] 0.026
 > Model[[(0, 0, 1), (2, 0, 0, 12), 'c']] 0.080
 > Model[[(0, 0, 1), (2, 0, 1, 12), 'c']] 0.051
 > Model[[(0, 0, 1), (2, 0, 2, 12), 'c']] 0.038
 > Model[[(0, 0, 1), (0, 1, 2, 12), 'c']] 0.031
 > Model[[(0, 0, 0), (1, 1, 2, 12), 'ct']] 0.065
 > Model[[(0, 0, 1), (1, 1, 2, 12), 'n']] 0.029
 > Model[[(0, 0, 1), (0, 0, 0, 0), 't']] 0.341
 > Model[[(0, 0, 1), (0, 0, 0, 12), 't']] 0.341
 > Model[[(0, 0, 1), (0, 0, 1, 12), 't']] 0.168
 > Model[[(0, 0, 1), (0, 0, 2, 12), 't']] 0.130
 > Model[[(0, 0, 1), (0, 1, 0, 12), 't']] 0.066
 > Model[[(0, 0, 0), (2, 1, 2, 12), 't']] 0.042
 > Model[[(0, 0, 1), (0, 1, 1, 12), 't']] 0.053
 > Model[[(0, 0, 1), (1, 0, 0, 12), 't']] 0.131
 > Model[[(0, 0, 1), (1, 0, 1, 12), 't']] 0.113
 > Model[[(0, 0, 0), (2, 1, 1, 12), 'ct']] 0.064
 > Model[[(0, 0, 1), (1, 0, 2, 12), 't']] 0.189
 > Model[[(0, 0, 1), (1, 1, 0, 12), 't']] 0.057
 > Model[[(0, 0, 1), (2, 1, 1, 12), 'n']] 0.027
 > Model[[(0, 0, 1), (1, 1, 1, 12), 't']] 0.048
 > Model[[(0, 0, 1), (2, 0, 0, 12), 't']] 0.196
 > Model[[(0, 0, 1), (2, 0, 1, 12), 't']] 0.163
 > Model[[(0, 0, 1), (2, 1, 2, 12), 'n']] 0.031
 > Model[[(0, 0, 1), (2, 0, 2, 12), 't']] 0.193
 > Model[[(0, 0, 1), (1, 1, 2, 12), 'c']] 0.031
 > Model[[(0, 0, 1), (0, 0, 0, 0), 'ct']] 0.069
 > Model[[(0, 0, 1), (0, 0, 0, 12), 'ct']] 0.069
 > Model[[(0, 0, 1), (0, 0, 1, 12), 'ct']] 0.063
 > Model[[(0, 0, 1), (2, 1, 0, 12), 'c']] 0.029
 > Model[[(0, 0, 1), (0, 1, 0, 12), 'ct']] 0.063
 > Model[[(0, 0, 1), (0, 0, 2, 12), 'ct']] 0.047
 > Model[[(0, 0, 1), (0, 1, 1, 12), 'ct']] 0.052
 > Model[[(0, 0, 1), (1, 0, 0, 12), 'ct']] 0.092
 > Model[[(0, 0, 1), (1, 0, 1, 12), 'ct']] 0.059
 > Model[[(0, 0, 0), (2, 1, 2, 12), 'ct']] 0.042
 > Model[[(0, 0, 1), (1, 1, 0, 12), 'ct']] 0.052
 > Model[[(0, 0, 1), (1, 0, 2, 12), 'ct']] 0.049
 > Model[[(0, 0, 1), (1, 1, 1, 12), 'ct']] 0.044
 > Model[[(0, 0, 1), (2, 0, 0, 12), 'ct']] 0.079
 > Model[[(0, 0, 1), (2, 1, 2, 12), 'c']] 0.032
 > Model[[(0, 0, 1), (2, 0, 1, 12), 'ct']] 0.071
 > Model[[(0, 0, 1), (2, 0, 2, 12), 'ct']] 0.071
 > Model[[(0, 0, 1), (0, 1, 2, 12), 't']] 0.049
 > Model[[(0, 0, 1), (2, 1, 1, 12), 'c']] 0.035
 > Model[[(0, 0, 2), (0, 0, 0, 0), 'n']] 0.322
 > Model[[(0, 0, 2), (0, 0, 0, 12), 'n']] 0.322
 > Model[[(0, 0, 2), (0, 0, 1, 12), 'n']] 0.227
 > Model[[(0, 0, 2), (0, 0, 2, 12), 'n']] 0.270
 > Model[[(0, 0, 2), (0, 1, 0, 12), 'n']] 0.052
 > Model[[(0, 0, 2), (0, 1, 1, 12), 'n']] 0.038
 > Model[[(0, 0, 1), (2, 1, 0, 12), 't']] 0.046
 > Model[[(0, 0, 2), (1, 0, 0, 12), 'n']] 0.187
 > Model[[(0, 0, 2), (1, 0, 1, 12), 'n']] 0.153
 > Model[[(0, 0, 1), (0, 1, 2, 12), 'ct']] 0.048
 > Model[[(0, 0, 1), (1, 1, 2, 12), 't']] 0.050
 > Model[[(0, 0, 2), (1, 1, 0, 12), 'n']] 0.051
 > Model[[(0, 0, 2), (1, 0, 2, 12), 'n']] 0.144
 > Model[[(0, 0, 2), (1, 1, 1, 12), 'n']] 0.023
 > Model[[(0, 0, 2), (2, 0, 0, 12), 'n']] 0.129
 > Model[[(0, 0, 2), (2, 0, 1, 12), 'n']] 0.139
 > Model[[(0, 0, 2), (2, 0, 2, 12), 'n']] 0.187
 > Model[[(0, 0, 1), (2, 1, 1, 12), 't']] 0.082
 > Model[[(0, 0, 1), (2, 1, 2, 12), 't']] 0.048
 > Model[[(0, 0, 2), (0, 0, 0, 0), 'c']] 0.072
 > Model[[(0, 0, 2), (0, 0, 0, 12), 'c']] 0.072
 > Model[[(0, 0, 2), (0, 0, 1, 12), 'c']] 0.053
 > Model[[(0, 0, 2), (0, 0, 2, 12), 'c']] 0.046
 > Model[[(0, 0, 2), (0, 1, 0, 12), 'c']] 0.056
 > Model[[(0, 0, 2), (0, 1, 2, 12), 'n']] 0.038
 > Model[[(0, 0, 2), (0, 1, 1, 12), 'c']] 0.045
 > Model[[(0, 0, 2), (1, 0, 0, 12), 'c']] 0.085
 > Model[[(0, 0, 2), (1, 0, 1, 12), 'c']] 0.056
 > Model[[(0, 0, 2), (1, 0, 2, 12), 'c']] 0.043
 > Model[[(0, 0, 2), (1, 1, 0, 12), 'c']] 0.048
 > Model[[(0, 0, 2), (1, 1, 1, 12), 'c']] 0.025
 > Model[[(0, 0, 1), (2, 1, 0, 12), 'ct']] 0.043
 > Model[[(0, 0, 2), (2, 0, 0, 12), 'c']] 0.073
 > Model[[(0, 0, 2), (1, 1, 2, 12), 'n']] 0.029
 > Model[[(0, 0, 2), (2, 0, 1, 12), 'c']] 0.057
 > Model[[(0, 0, 2), (2, 1, 0, 12), 'n']] 0.032
 > Model[[(0, 0, 2), (2, 0, 2, 12), 'c']] 0.039
 > Model[[(0, 0, 2), (0, 1, 2, 12), 'c']] 0.030
 > Model[[(0, 0, 2), (0, 0, 0, 0), 't']] 0.240
 > Model[[(0, 0, 2), (0, 0, 0, 12), 't']] 0.240
 > Model[[(0, 0, 2), (0, 0, 1, 12), 't']] 0.209
 > Model[[(0, 0, 1), (2, 1, 2, 12), 'ct']] 0.040
 > Model[[(0, 0, 2), (0, 1, 0, 12), 't']] 0.063
 > Model[[(0, 0, 1), (1, 1, 2, 12), 'ct']] 0.047
 > Model[[(0, 0, 1), (2, 1, 1, 12), 'ct']] 0.090
 > Model[[(0, 0, 2), (1, 0, 0, 12), 't']] 0.128
 > Model[[(0, 0, 2), (1, 0, 1, 12), 't']] 0.122
 > Model[[(0, 0, 2), (0, 0, 2, 12), 't']] 0.129
 > Model[[(0, 0, 2), (0, 1, 1, 12), 't']] 0.048
 > Model[[(0, 0, 2), (1, 0, 2, 12), 't']] 0.289
 > Model[[(0, 0, 2), (1, 1, 0, 12), 't']] 0.057
 > Model[[(0, 0, 2), (1, 1, 1, 12), 't']] 0.044
 > Model[[(0, 0, 2), (2, 0, 0, 12), 't']] 0.142
 > Model[[(0, 0, 2), (2, 0, 1, 12), 't']] 0.160
 > Model[[(0, 0, 2), (2, 0, 2, 12), 't']] 0.183
 > Model[[(0, 0, 2), (2, 1, 1, 12), 'n']] 0.061
 > Model[[(0, 0, 2), (2, 1, 0, 12), 'c']] 0.030
 > Model[[(0, 0, 2), (0, 0, 0, 0), 'ct']] 0.067
 > Model[[(0, 0, 2), (0, 0, 0, 12), 'ct']] 0.067
 > Model[[(0, 0, 2), (0, 0, 1, 12), 'ct']] 0.069
 > Model[[(0, 0, 2), (2, 1, 2, 12), 'n']] 0.040
 > Model[[(0, 0, 2), (0, 1, 0, 12), 'ct']] 0.062
 > Model[[(0, 0, 2), (0, 1, 2, 12), 't']] 0.043
 > Model[[(0, 0, 2), (1, 1, 2, 12), 'c']] 0.024
 > Model[[(0, 0, 2), (1, 0, 0, 12), 'ct']] 0.077
 > Model[[(0, 0, 2), (1, 0, 1, 12), 'ct']] 0.057
 > Model[[(0, 0, 2), (0, 0, 2, 12), 'ct']] 0.057
 > Model[[(0, 0, 2), (0, 1, 1, 12), 'ct']] 0.048
 > Model[[(0, 0, 2), (1, 1, 0, 12), 'ct']] 0.045
 > Model[[(0, 0, 2), (1, 1, 1, 12), 'ct']] 0.043
 > Model[[(0, 0, 2), (1, 0, 2, 12), 'ct']] 0.042
 > Model[[(0, 0, 2), (2, 0, 0, 12), 'ct']] 0.069
 > Model[[(0, 0, 2), (2, 0, 1, 12), 'ct']] 0.080
 > Model[[(0, 0, 2), (2, 0, 2, 12), 'ct']] 0.050
 > Model[[(0, 0, 2), (2, 1, 2, 12), 'c']] 0.029
 > Model[[(0, 0, 2), (2, 1, 1, 12), 'c']] 0.038
 > Model[[(0, 1, 0), (0, 0, 0, 0), 'n']] 0.063
 > Model[[(0, 1, 0), (0, 0, 0, 12), 'n']] 0.063
 > Model[[(0, 1, 0), (0, 0, 1, 12), 'n']] 0.051
 > Model[[(0, 1, 0), (0, 0, 2, 12), 'n']] 0.057
 > Model[[(0, 1, 0), (0, 1, 0, 12), 'n']] 0.059
 > Model[[(0, 1, 0), (0, 1, 1, 12), 'n']] 0.044
 > Model[[(0, 0, 2), (2, 1, 0, 12), 't']] 0.031
 > Model[[(0, 1, 0), (1, 0, 0, 12), 'n']] 0.050
 > Model[[(0, 1, 0), (1, 0, 1, 12), 'n']] 0.043
 > Model[[(0, 0, 2), (1, 1, 2, 12), 't']] 0.040
 > Model[[(0, 1, 0), (1, 1, 0, 12), 'n']] 0.024
 > Model[[(0, 1, 0), (1, 0, 2, 12), 'n']] 0.028
 > Model[[(0, 1, 0), (1, 1, 1, 12), 'n']] 0.026
 > Model[[(0, 1, 0), (2, 0, 0, 12), 'n']] 0.023
 > Model[[(0, 1, 0), (0, 1, 2, 12), 'n']] 0.033
 > Model[[(0, 1, 0), (2, 0, 1, 12), 'n']] 0.023
 > Model[[(0, 1, 0), (2, 0, 2, 12), 'n']] 0.024
 > Model[[(0, 1, 0), (2, 1, 0, 12), 'n']] 0.026
 > Model[[(0, 0, 2), (0, 1, 2, 12), 'ct']] 0.042
 > Model[[(0, 1, 0), (0, 0, 0, 0), 'c']] 0.063
 > Model[[(0, 1, 0), (0, 0, 0, 12), 'c']] 0.063
 > Model[[(0, 1, 0), (0, 0, 1, 12), 'c']] 0.052
 > Model[[(0, 1, 0), (1, 1, 2, 12), 'n']] 0.026
 > Model[[(0, 1, 0), (0, 1, 0, 12), 'c']] 0.059
 > Model[[(0, 0, 2), (2, 1, 1, 12), 't']] 0.064
 > Model[[(0, 1, 0), (0, 0, 2, 12), 'c']] 0.058
 > Model[[(0, 1, 0), (1, 0, 0, 12), 'c']] 0.050
 > Model[[(0, 1, 0), (1, 0, 1, 12), 'c']] 0.043
 > Model[[(0, 1, 0), (0, 1, 1, 12), 'c']] 0.044
 > Model[[(0, 1, 0), (1, 1, 0, 12), 'c']] 0.024
 > Model[[(0, 1, 0), (1, 0, 2, 12), 'c']] 0.045
 > Model[[(0, 1, 0), (1, 1, 1, 12), 'c']] 0.026
 > Model[[(0, 1, 0), (2, 0, 0, 12), 'c']] 0.023
 > Model[[(0, 1, 0), (2, 1, 1, 12), 'n']] 0.032
 > Model[[(0, 1, 0), (2, 0, 1, 12), 'c']] 0.023
 > Model[[(0, 1, 0), (2, 0, 2, 12), 'c']] 0.025
 > Model[[(0, 0, 2), (2, 1, 0, 12), 'ct']] 0.032
 > Model[[(0, 1, 0), (0, 1, 2, 12), 'c']] 0.033
 > Model[[(0, 1, 0), (0, 0, 0, 0), 't']] 0.063
 > Model[[(0, 1, 0), (0, 0, 0, 12), 't']] 0.063
 > Model[[(0, 1, 0), (0, 0, 1, 12), 't']] 0.052
 > Model[[(0, 1, 0), (0, 0, 2, 12), 't']] 0.058
 > Model[[(0, 1, 0), (0, 1, 0, 12), 't']] 0.060
 > Model[[(0, 1, 0), (0, 1, 1, 12), 't']] 0.044
 > Model[[(0, 0, 2), (1, 1, 2, 12), 'ct']] 0.040
 > Model[[(0, 1, 0), (1, 0, 0, 12), 't']] 0.051
 > Model[[(0, 1, 0), (1, 0, 1, 12), 't']] 0.044
 > Model[[(0, 0, 2), (2, 1, 2, 12), 't']] 0.042
 > Model[[(0, 1, 0), (1, 1, 0, 12), 't']] 0.024
 > Model[[(0, 1, 0), (1, 0, 2, 12), 't']] 0.047
 > Model[[(0, 1, 0), (1, 1, 1, 12), 't']] 0.026
 > Model[[(0, 1, 0), (2, 0, 0, 12), 't']] 0.024
 > Model[[(0, 1, 0), (2, 0, 1, 12), 't']] 0.024
 > Model[[(0, 1, 0), (2, 1, 0, 12), 'c']] 0.026
 > Model[[(0, 1, 0), (2, 0, 2, 12), 't']] 0.031
 > Model[[(0, 1, 0), (1, 1, 2, 12), 'c']] 0.027
 > Model[[(0, 1, 0), (2, 1, 2, 12), 'n']] 0.030
 > Model[[(0, 1, 0), (0, 0, 0, 0), 'ct']] 0.063
 > Model[[(0, 1, 0), (0, 0, 0, 12), 'ct']] 0.063
 > Model[[(0, 1, 0), (0, 0, 1, 12), 'ct']] 0.050
 > Model[[(0, 1, 0), (0, 0, 2, 12), 'ct']] 0.054
 > Model[[(0, 1, 0), (0, 1, 0, 12), 'ct']] 0.061
 > Model[[(0, 1, 0), (0, 1, 1, 12), 'ct']] 0.045
 > Model[[(0, 1, 0), (0, 1, 2, 12), 't']] 0.033
 > Model[[(0, 1, 0), (1, 0, 0, 12), 'ct']] 0.051
 > Model[[(0, 1, 0), (1, 0, 1, 12), 'ct']] 0.043
 > Model[[(0, 0, 2), (2, 1, 1, 12), 'ct']] 0.065
 > Model[[(0, 1, 0), (1, 1, 0, 12), 'ct']] 0.024
 > Model[[(0, 1, 0), (1, 0, 2, 12), 'ct']] 0.048
 > Model[[(0, 1, 0), (1, 1, 1, 12), 'ct']] 0.026
 > Model[[(0, 0, 2), (2, 1, 2, 12), 'ct']] 0.045
 > Model[[(0, 1, 0), (2, 0, 0, 12), 'ct']] 0.024
 > Model[[(0, 1, 0), (2, 0, 1, 12), 'ct']] 0.024
 > Model[[(0, 1, 0), (2, 0, 2, 12), 'ct']] 0.029
 > Model[[(0, 1, 0), (2, 1, 0, 12), 't']] 0.027
 > Model[[(0, 1, 0), (2, 1, 1, 12), 'c']] 0.028
 > Model[[(0, 1, 1), (0, 0, 0, 0), 'n']] 0.063
 > Model[[(0, 1, 1), (0, 0, 0, 12), 'n']] 0.063
 > Model[[(0, 1, 1), (0, 0, 1, 12), 'n']] 0.051
 > Model[[(0, 1, 0), (1, 1, 2, 12), 't']] 0.027
 > Model[[(0, 1, 1), (0, 1, 0, 12), 'n']] 0.064
 > Model[[(0, 1, 1), (0, 0, 2, 12), 'n']] 0.058
 > Model[[(0, 1, 1), (0, 1, 1, 12), 'n']] 0.046
 > Model[[(0, 1, 1), (1, 0, 0, 12), 'n']] 0.051
 > Model[[(0, 1, 1), (1, 0, 1, 12), 'n']] 0.048
 > Model[[(0, 1, 1), (1, 0, 2, 12), 'n']] 0.044
 > Model[[(0, 1, 0), (2, 1, 2, 12), 'c']] 0.032
 > Model[[(0, 1, 1), (1, 1, 0, 12), 'n']] 0.023
 > Model[[(0, 1, 1), (1, 1, 1, 12), 'n']] 0.023
 > Model[[(0, 1, 1), (2, 0, 0, 12), 'n']] 0.023
 > Model[[(0, 1, 1), (2, 0, 1, 12), 'n']] 0.023
 > Model[[(0, 1, 0), (0, 1, 2, 12), 'ct']] 0.034
 > Model[[(0, 1, 1), (2, 0, 2, 12), 'n']] 0.027
 > Model[[(0, 1, 0), (2, 1, 0, 12), 'ct']] 0.027
 > Model[[(0, 1, 0), (2, 1, 1, 12), 't']] 0.028
 > Model[[(0, 1, 1), (0, 0, 0, 0), 'c']] 0.063
 > Model[[(0, 1, 1), (0, 0, 0, 12), 'c']] 0.063
 > Model[[(0, 1, 1), (0, 0, 1, 12), 'c']] 0.052
 > Model[[(0, 1, 1), (0, 0, 2, 12), 'c']] 0.058
 > Model[[(0, 1, 1), (0, 1, 0, 12), 'c']] 0.065
 > Model[[(0, 1, 1), (0, 1, 2, 12), 'n']] 0.031
 > Model[[(0, 1, 1), (0, 1, 1, 12), 'c']] 0.049
 > Model[[(0, 1, 1), (1, 0, 0, 12), 'c']] 0.052
 > Model[[(0, 1, 1), (1, 0, 1, 12), 'c']] 0.050
 > Model[[(0, 1, 1), (1, 0, 2, 12), 'c']] 0.050
 > Model[[(0, 1, 0), (2, 1, 2, 12), 't']] 0.034
 > Model[[(0, 1, 1), (1, 1, 0, 12), 'c']] 0.024
 > Model[[(0, 1, 1), (1, 1, 1, 12), 'c']] 0.024
 > Model[[(0, 1, 0), (1, 1, 2, 12), 'ct']] 0.026
 > Model[[(0, 1, 1), (2, 0, 0, 12), 'c']] 0.023
 > Model[[(0, 1, 1), (2, 0, 1, 12), 'c']] 0.023
 > Model[[(0, 1, 1), (2, 0, 2, 12), 'c']] 0.027
 > Model[[(0, 1, 1), (1, 1, 2, 12), 'n']] 0.029
 > Model[[(0, 1, 1), (2, 1, 0, 12), 'n']] 0.027
 > Model[[(0, 1, 1), (0, 0, 0, 0), 't']] 0.064
 > Model[[(0, 1, 1), (0, 0, 0, 12), 't']] 0.064
 > Model[[(0, 1, 1), (0, 0, 1, 12), 't']] 0.052
 > Model[[(0, 1, 1), (0, 0, 2, 12), 't']] 0.058
 > Model[[(0, 1, 1), (0, 1, 0, 12), 't']] 0.066
 > Model[[(0, 1, 1), (0, 1, 1, 12), 't']] 0.048
 > Model[[(0, 1, 1), (0, 1, 2, 12), 'c']] 0.036
 > Model[[(0, 1, 1), (1, 0, 0, 12), 't']] 0.053
 > Model[[(0, 1, 1), (1, 0, 1, 12), 't']] 0.050
 > Model[[(0, 1, 0), (2, 1, 1, 12), 'ct']] 0.027
 > Model[[(0, 1, 1), (1, 0, 2, 12), 't']] 0.064
 > Model[[(0, 1, 1), (1, 1, 0, 12), 't']] 0.024
 > Model[[(0, 1, 1), (1, 1, 1, 12), 't']] 0.023
 > Model[[(0, 1, 0), (2, 1, 2, 12), 'ct']] 0.032
 > Model[[(0, 1, 1), (2, 0, 0, 12), 't']] 0.024
 > Model[[(0, 1, 1), (2, 0, 1, 12), 't']] 0.025
 > Model[[(0, 1, 1), (2, 0, 2, 12), 't']] 0.052
 > Model[[(0, 1, 1), (2, 1, 0, 12), 'c']] 0.027
 > Model[[(0, 1, 1), (2, 1, 1, 12), 'n']] 0.026
 > Model[[(0, 1, 1), (0, 0, 0, 0), 'ct']] 0.064
 > Model[[(0, 1, 1), (0, 0, 0, 12), 'ct']] 0.064
 > Model[[(0, 1, 1), (0, 0, 1, 12), 'ct']] 0.052
 > Model[[(0, 1, 1), (0, 0, 2, 12), 'ct']] 0.060
 > Model[[(0, 1, 1), (0, 1, 0, 12), 'ct']] 0.067
 > Model[[(0, 1, 1), (1, 1, 2, 12), 'c']] 0.030
 > Model[[(0, 1, 1), (0, 1, 1, 12), 'ct']] 0.050
 > Model[[(0, 1, 1), (1, 0, 0, 12), 'ct']] 0.053
 > Model[[(0, 1, 1), (1, 0, 1, 12), 'ct']] 0.049
 > Model[[(0, 1, 1), (1, 0, 2, 12), 'ct']] 0.050
 > Model[[(0, 1, 1), (1, 1, 0, 12), 'ct']] 0.025
 > Model[[(0, 1, 1), (1, 1, 1, 12), 'ct']] 0.024
 > Model[[(0, 1, 1), (2, 1, 2, 12), 'n']] 0.037
 > Model[[(0, 1, 1), (2, 0, 0, 12), 'ct']] 0.024
 > Model[[(0, 1, 1), (2, 0, 1, 12), 'ct']] 0.024
 > Model[[(0, 1, 1), (2, 1, 1, 12), 'c']] 0.031
 > Model[[(0, 1, 1), (0, 1, 2, 12), 't']] 0.035
 > Model[[(0, 1, 1), (2, 0, 2, 12), 'ct']] 0.022
 > Model[[(0, 1, 1), (2, 1, 0, 12), 't']] 0.027
 > Model[[(0, 1, 2), (0, 0, 0, 0), 'n']] 0.054
 > Model[[(0, 1, 2), (0, 0, 0, 12), 'n']] 0.054
 > Model[[(0, 1, 2), (0, 0, 1, 12), 'n']] 0.050
 > Model[[(0, 1, 1), (2, 1, 2, 12), 'c']] 0.034
 > Model[[(0, 1, 2), (0, 1, 0, 12), 'n']] 0.053
 > Model[[(0, 1, 2), (0, 0, 2, 12), 'n']] 0.058
 > Model[[(0, 1, 2), (0, 1, 1, 12), 'n']] 0.039
 > Model[[(0, 1, 2), (1, 0, 0, 12), 'n']] 0.054
 > Model[[(0, 1, 2), (1, 0, 1, 12), 'n']] 0.044
 > Model[[(0, 1, 1), (1, 1, 2, 12), 't']] 0.029
 > Model[[(0, 1, 2), (1, 1, 0, 12), 'n']] 0.023
 > Model[[(0, 1, 2), (1, 0, 2, 12), 'n']] 0.043
 > Model[[(0, 1, 2), (1, 1, 1, 12), 'n']] 0.027
 > Model[[(0, 1, 1), (0, 1, 2, 12), 'ct']] 0.035
 > Model[[(0, 1, 2), (2, 0, 0, 12), 'n']] 0.023
 > Model[[(0, 1, 1), (2, 1, 1, 12), 't']] 0.033
 > Model[[(0, 1, 2), (2, 0, 1, 12), 'n']] 0.023
 > Model[[(0, 1, 2), (2, 0, 2, 12), 'n']] 0.019
 > Model[[(0, 1, 2), (0, 1, 2, 12), 'n']] 0.029
 > Model[[(0, 1, 2), (0, 0, 0, 0), 'c']] 0.054
 > Model[[(0, 1, 2), (0, 0, 0, 12), 'c']] 0.054
 > Model[[(0, 1, 2), (0, 0, 1, 12), 'c']] 0.050
 > Model[[(0, 1, 2), (0, 0, 2, 12), 'c']] 0.058
 > Model[[(0, 1, 2), (0, 1, 0, 12), 'c']] 0.056
 > Model[[(0, 1, 1), (2, 1, 2, 12), 't']] 0.035
 > Model[[(0, 1, 2), (0, 1, 1, 12), 'c']] 0.043
 > Model[[(0, 1, 2), (1, 0, 0, 12), 'c']] 0.051
 > Model[[(0, 1, 2), (1, 0, 1, 12), 'c']] 0.048
 > Model[[(0, 1, 2), (1, 0, 2, 12), 'c']] 0.043
 > Model[[(0, 1, 1), (2, 1, 0, 12), 'ct']] 0.027
 > Model[[(0, 1, 1), (1, 1, 2, 12), 'ct']] 0.029
 > Model[[(0, 1, 2), (1, 1, 0, 12), 'c']] 0.024
 > Model[[(0, 1, 2), (1, 1, 1, 12), 'c']] 0.027
 > Model[[(0, 1, 2), (2, 0, 0, 12), 'c']] 0.024
 > Model[[(0, 1, 2), (2, 0, 1, 12), 'c']] 0.024
 > Model[[(0, 1, 2), (2, 0, 2, 12), 'c']] 0.032
 > Model[[(0, 1, 2), (2, 1, 0, 12), 'n']] 0.025
 > Model[[(0, 1, 2), (1, 1, 2, 12), 'n']] 0.027
 > Model[[(0, 1, 2), (0, 0, 0, 0), 't']] 0.055
 > Model[[(0, 1, 2), (0, 0, 0, 12), 't']] 0.055
 > Model[[(0, 1, 2), (0, 0, 1, 12), 't']] 0.051
 > Model[[(0, 1, 2), (0, 0, 2, 12), 't']] 0.062
 > Model[[(0, 1, 2), (0, 1, 0, 12), 't']] 0.056
 > Model[[(0, 1, 2), (0, 1, 1, 12), 't']] 0.044
 > Model[[(0, 1, 1), (2, 1, 1, 12), 'ct']] 0.027
 > Model[[(0, 1, 2), (1, 0, 0, 12), 't']] 0.051
 > Model[[(0, 1, 2), (1, 0, 1, 12), 't']] 0.054
 > Model[[(0, 1, 2), (1, 0, 2, 12), 't']] 0.039
 > Model[[(0, 1, 2), (1, 1, 0, 12), 't']] 0.024
 > Model[[(0, 1, 1), (2, 1, 2, 12), 'ct']] 0.031
 > Model[[(0, 1, 2), (1, 1, 1, 12), 't']] 0.027
 > Model[[(0, 1, 2), (2, 1, 1, 12), 'n']] 0.031
 > Model[[(0, 1, 2), (2, 0, 0, 12), 't']] 0.024
 > Model[[(0, 1, 2), (2, 0, 1, 12), 't']] 0.025
 > Model[[(0, 1, 2), (2, 1, 2, 12), 'n']] 0.032
 > Model[[(0, 1, 2), (2, 0, 2, 12), 't']] 0.028
 > Model[[(0, 1, 2), (0, 1, 2, 12), 'c']] 0.026
 > Model[[(0, 1, 2), (0, 0, 0, 0), 'ct']] 0.056
 > Model[[(0, 1, 2), (0, 0, 0, 12), 'ct']] 0.056
 > Model[[(0, 1, 2), (0, 0, 1, 12), 'ct']] 0.052
 > Model[[(0, 1, 2), (2, 1, 0, 12), 'c']] 0.025
 > Model[[(0, 1, 2), (0, 1, 0, 12), 'ct']] 0.059
 > Model[[(0, 1, 2), (0, 0, 2, 12), 'ct']] 0.059
 > Model[[(0, 1, 2), (0, 1, 1, 12), 'ct']] 0.044
 > Model[[(0, 1, 2), (1, 0, 0, 12), 'ct']] 0.052
 > Model[[(0, 1, 2), (1, 0, 1, 12), 'ct']] 0.039
 > Model[[(0, 1, 2), (1, 1, 2, 12), 'c']] 0.027
 > Model[[(0, 1, 2), (1, 0, 2, 12), 'ct']] 0.053
 > Model[[(0, 1, 2), (1, 1, 0, 12), 'ct']] 0.025
 > Model[[(0, 1, 2), (1, 1, 1, 12), 'ct']] 0.027
 > Model[[(0, 1, 2), (2, 0, 0, 12), 'ct']] 0.024
 > Model[[(0, 1, 2), (2, 0, 1, 12), 'ct']] 0.028
 > Model[[(0, 1, 2), (2, 0, 2, 12), 'ct']] 0.025
 > Model[[(0, 1, 2), (2, 1, 1, 12), 'c']] 0.032
 > Model[[(0, 1, 2), (0, 1, 2, 12), 't']] 0.027
 > Model[[(0, 1, 2), (2, 1, 2, 12), 'c']] 0.036
 > Model[[(1, 0, 0), (0, 0, 0, 0), 'n']] 0.064
 > Model[[(1, 0, 0), (0, 0, 0, 12), 'n']] 0.064
 > Model[[(1, 0, 0), (0, 0, 1, 12), 'n']] 0.069
 > Model[[(1, 0, 0), (0, 0, 2, 12), 'n']] 0.056
 > Model[[(1, 0, 0), (0, 1, 0, 12), 'n']] 0.050
 > Model[[(0, 1, 2), (2, 1, 0, 12), 't']] 0.026
 > Model[[(1, 0, 0), (0, 1, 1, 12), 'n']] 0.039
 > Model[[(1, 0, 0), (1, 0, 0, 12), 'n']] 0.052
 > Model[[(1, 0, 0), (1, 0, 1, 12), 'n']] 0.050
 > Model[[(1, 0, 0), (1, 0, 2, 12), 'n']] 0.057
 > Model[[(1, 0, 0), (1, 1, 0, 12), 'n']] 0.021
 > Model[[(0, 1, 2), (1, 1, 2, 12), 't']] 0.026
 > Model[[(1, 0, 0), (1, 1, 1, 12), 'n']] 0.023
 > Model[[(1, 0, 0), (2, 0, 0, 12), 'n']] 0.022
 > Model[[(1, 0, 0), (2, 0, 1, 12), 'n']] 0.022
 > Model[[(1, 0, 0), (0, 1, 2, 12), 'n']] 0.032
 > Model[[(1, 0, 0), (2, 0, 2, 12), 'n']] 0.024
 > Model[[(0, 1, 2), (2, 1, 1, 12), 't']] 0.032
 > Model[[(0, 1, 2), (0, 1, 2, 12), 'ct']] 0.036
 > Model[[(1, 0, 0), (0, 0, 0, 0), 'c']] 0.063
 > Model[[(1, 0, 0), (0, 0, 0, 12), 'c']] 0.063
 > Model[[(1, 0, 0), (0, 0, 1, 12), 'c']] 0.058
 > Model[[(1, 0, 0), (0, 0, 2, 12), 'c']] 0.056
 > Model[[(1, 0, 0), (0, 1, 0, 12), 'c']] 0.053
 > Model[[(1, 0, 0), (0, 1, 1, 12), 'c']] 0.042
 > Model[[(0, 1, 2), (2, 1, 2, 12), 't']] 0.026
 > Model[[(1, 0, 0), (1, 0, 0, 12), 'c']] 0.042
 > Model[[(1, 0, 0), (1, 0, 1, 12), 'c']] 0.043
 > Model[[(1, 0, 0), (1, 0, 2, 12), 'c']] 0.055
 > Model[[(1, 0, 0), (1, 1, 0, 12), 'c']] 0.024
 > Model[[(1, 0, 0), (1, 1, 1, 12), 'c']] 0.029
 > Model[[(0, 1, 2), (1, 1, 2, 12), 'ct']] 0.028
 > Model[[(0, 1, 2), (2, 1, 0, 12), 'ct']] 0.025
 > Model[[(1, 0, 0), (0, 1, 2, 12), 'c']] 0.031
 > Model[[(1, 0, 0), (1, 1, 2, 12), 'n']] 0.022
 > Model[[(1, 0, 0), (2, 1, 0, 12), 'n']] 0.026
 > Model[[(1, 0, 0), (2, 0, 0, 12), 'c']] 0.026
 > Model[[(1, 0, 0), (2, 0, 1, 12), 'c']] 0.024
 > Model[[(1, 0, 0), (0, 0, 0, 0), 't']] 0.062
 > Model[[(1, 0, 0), (0, 0, 0, 12), 't']] 0.062
 > Model[[(1, 0, 0), (0, 0, 1, 12), 't']] 0.084
 > Model[[(1, 0, 0), (2, 0, 2, 12), 'c']] 0.031
 > Model[[(1, 0, 0), (0, 1, 0, 12), 't']] 0.057
 > Model[[(1, 0, 0), (0, 0, 2, 12), 't']] 0.069
 > Model[[(1, 0, 0), (0, 1, 1, 12), 't']] 0.046
 > Model[[(1, 0, 0), (1, 0, 0, 12), 't']] 0.053
 > Model[[(1, 0, 0), (1, 0, 1, 12), 't']] 0.057
 > Model[[(1, 0, 0), (1, 0, 2, 12), 't']] 0.060
 > Model[[(1, 0, 0), (1, 1, 0, 12), 't']] 0.030
 > Model[[(1, 0, 0), (1, 1, 1, 12), 't']] 0.059
 > Model[[(0, 1, 2), (2, 1, 1, 12), 'ct']] 0.026
 > Model[[(1, 0, 0), (2, 0, 0, 12), 't']] 0.038
 > Model[[(1, 0, 0), (2, 0, 1, 12), 't']] 0.030
 > Model[[(1, 0, 0), (2, 0, 2, 12), 't']] 0.037
 > Model[[(1, 0, 0), (2, 1, 1, 12), 'n']] 0.026
 > Model[[(1, 0, 0), (1, 1, 2, 12), 'c']] 0.024
 > Model[[(1, 0, 0), (2, 1, 0, 12), 'c']] 0.025
 > Model[[(1, 0, 0), (0, 0, 0, 0), 'ct']] 0.062
 > Model[[(1, 0, 0), (0, 0, 0, 12), 'ct']] 0.062
 > Model[[(1, 0, 0), (0, 0, 1, 12), 'ct']] 0.098
 > Model[[(1, 0, 0), (0, 0, 2, 12), 'ct']] 0.061
 > Model[[(1, 0, 0), (0, 1, 0, 12), 'ct']] 0.055
 > Model[[(0, 1, 2), (2, 1, 2, 12), 'ct']] 0.034
 > Model[[(1, 0, 0), (0, 1, 1, 12), 'ct']] 0.048
 > Model[[(1, 0, 0), (1, 0, 0, 12), 'ct']] 0.050
 > Model[[(1, 0, 0), (1, 0, 1, 12), 'ct']] 0.056
 > Model[[(1, 0, 0), (1, 0, 2, 12), 'ct']] 0.048
 > Model[[(1, 0, 0), (2, 1, 2, 12), 'n']] 0.031
 > Model[[(1, 0, 0), (1, 1, 0, 12), 'ct']] 0.024
 > Model[[(1, 0, 0), (0, 1, 2, 12), 't']] 0.033
 > Model[[(1, 0, 0), (1, 1, 1, 12), 'ct']] 0.044
 > Model[[(1, 0, 0), (2, 0, 0, 12), 'ct']] 0.043
 > Model[[(1, 0, 0), (2, 0, 1, 12), 'ct']] 0.045
 > Model[[(1, 0, 0), (2, 0, 2, 12), 'ct']] 0.035
 > Model[[(1, 0, 0), (2, 1, 1, 12), 'c']] 0.031
 > Model[[(1, 0, 0), (2, 1, 2, 12), 'c']] 0.028
 > Model[[(1, 0, 1), (0, 0, 0, 0), 'n']] 0.064
 > Model[[(1, 0, 1), (0, 0, 0, 12), 'n']] 0.064
 > Model[[(1, 0, 1), (0, 0, 1, 12), 'n']] 0.069
 > Model[[(1, 0, 0), (1, 1, 2, 12), 't']] 0.031
 > Model[[(1, 0, 1), (0, 1, 0, 12), 'n']] 0.051
 > Model[[(1, 0, 1), (0, 0, 2, 12), 'n']] 0.067
 > Model[[(1, 0, 1), (0, 1, 1, 12), 'n']] 0.039
 > Model[[(1, 0, 1), (1, 0, 0, 12), 'n']] 0.052
 > Model[[(1, 0, 1), (1, 0, 1, 12), 'n']] 0.048
 > Model[[(1, 0, 0), (0, 1, 2, 12), 'ct']] 0.030
 > Model[[(1, 0, 0), (2, 1, 0, 12), 't']] 0.030
 > Model[[(1, 0, 1), (1, 0, 2, 12), 'n']] 0.062
 > Model[[(1, 0, 1), (1, 1, 0, 12), 'n']] 0.021
 > Model[[(1, 0, 1), (1, 1, 1, 12), 'n']] 0.022
 > Model[[(1, 0, 1), (2, 0, 0, 12), 'n']] 0.022
 > Model[[(1, 0, 1), (2, 0, 1, 12), 'n']] 0.027
 > Model[[(1, 0, 1), (2, 0, 2, 12), 'n']] 0.027
 > Model[[(1, 0, 0), (2, 1, 1, 12), 't']] 0.039
 > Model[[(1, 0, 0), (2, 1, 2, 12), 't']] 0.030
 > Model[[(1, 0, 1), (0, 0, 0, 0), 'c']] 0.063
 > Model[[(1, 0, 1), (0, 0, 0, 12), 'c']] 0.063
 > Model[[(1, 0, 1), (0, 0, 1, 12), 'c']] 0.059
 > Model[[(1, 0, 0), (2, 1, 0, 12), 'ct']] 0.027
 > Model[[(1, 0, 1), (0, 1, 0, 12), 'c']] 0.055
 > Model[[(1, 0, 1), (0, 0, 2, 12), 'c']] 0.057
 > Model[[(1, 0, 1), (0, 1, 2, 12), 'n']] 0.039
 > Model[[(1, 0, 1), (1, 0, 0, 12), 'c']] 0.043
 > Model[[(1, 0, 1), (1, 0, 1, 12), 'c']] 0.043
 > Model[[(1, 0, 1), (0, 1, 1, 12), 'c']] 0.044
 > Model[[(1, 0, 0), (1, 1, 2, 12), 'ct']] 0.028
 > Model[[(1, 0, 1), (1, 1, 0, 12), 'c']] 0.024
 > Model[[(1, 0, 1), (1, 0, 2, 12), 'c']] 0.054
 > Model[[(1, 0, 1), (1, 1, 1, 12), 'c']] 0.028
 > Model[[(1, 0, 1), (2, 0, 0, 12), 'c']] 0.024
 > Model[[(1, 0, 1), (2, 0, 1, 12), 'c']] 0.029
 > Model[[(1, 0, 1), (2, 0, 2, 12), 'c']] 0.032
 > Model[[(1, 0, 1), (1, 1, 2, 12), 'n']] 0.026
 > Model[[(1, 0, 1), (2, 1, 0, 12), 'n']] 0.027
 > Model[[(1, 0, 1), (0, 0, 0, 0), 't']] 0.062
 > Model[[(1, 0, 1), (0, 0, 0, 12), 't']] 0.062
 > Model[[(1, 0, 1), (0, 0, 1, 12), 't']] 0.103
 > Model[[(1, 0, 1), (0, 0, 2, 12), 't']] 0.059
 > Model[[(1, 0, 1), (0, 1, 0, 12), 't']] 0.059
 > Model[[(1, 0, 0), (2, 1, 1, 12), 'ct']] 0.042
 > Model[[(1, 0, 1), (0, 1, 1, 12), 't']] 0.045
 > Model[[(1, 0, 1), (1, 0, 0, 12), 't']] 0.063
 > Model[[(1, 0, 1), (1, 0, 1, 12), 't']] 0.048
 > Model[[(1, 0, 1), (1, 0, 2, 12), 't']] 0.054
 > Model[[(1, 0, 1), (1, 1, 0, 12), 't']] 0.030
 > Model[[(1, 0, 1), (0, 1, 2, 12), 'c']] 0.034
 > Model[[(1, 0, 1), (1, 1, 1, 12), 't']] 0.045
 > Model[[(1, 0, 1), (2, 0, 0, 12), 't']] 0.029
 > Model[[(1, 0, 1), (2, 1, 1, 12), 'n']] 0.028
 > Model[[(1, 0, 1), (2, 0, 1, 12), 't']] 0.031
 > Model[[(1, 0, 1), (2, 0, 2, 12), 't']] 0.032
 > Model[[(1, 0, 0), (2, 1, 2, 12), 'ct']] 0.029
 > Model[[(1, 0, 1), (1, 1, 2, 12), 'c']] 0.026
 > Model[[(1, 0, 1), (0, 0, 0, 0), 'ct']] 0.063
 > Model[[(1, 0, 1), (0, 0, 0, 12), 'ct']] 0.063
 > Model[[(1, 0, 1), (0, 0, 1, 12), 'ct']] 0.067
 > Model[[(1, 0, 1), (2, 1, 0, 12), 'c']] 0.025
 > Model[[(1, 0, 1), (0, 1, 0, 12), 'ct']] 0.058
 > Model[[(1, 0, 1), (0, 0, 2, 12), 'ct']] 0.051
 > Model[[(1, 0, 1), (0, 1, 1, 12), 'ct']] 0.046
 > Model[[(1, 0, 1), (1, 0, 0, 12), 'ct']] 0.055
 > Model[[(1, 0, 1), (1, 0, 1, 12), 'ct']] 0.046
 > Model[[(1, 0, 1), (1, 0, 2, 12), 'ct']] 0.057
 > Model[[(1, 0, 1), (1, 1, 0, 12), 'ct']] 0.025
 > Model[[(1, 0, 1), (1, 1, 1, 12), 'ct']] 0.038
 > Model[[(1, 0, 1), (2, 1, 2, 12), 'n']] 0.039
 > Model[[(1, 0, 1), (2, 0, 0, 12), 'ct']] 0.025
 > Model[[(1, 0, 1), (0, 1, 2, 12), 't']] 0.037
 > Model[[(1, 0, 1), (2, 0, 1, 12), 'ct']] 0.031
 > Model[[(1, 0, 1), (2, 0, 2, 12), 'ct']] 0.035
 > Model[[(1, 0, 1), (2, 1, 1, 12), 'c']] 0.033
 > Model[[(1, 0, 1), (1, 1, 2, 12), 't']] 0.036
 > Model[[(1, 0, 2), (0, 0, 0, 0), 'n']] 0.056
 > Model[[(1, 0, 2), (0, 0, 0, 12), 'n']] 0.056
 > Model[[(1, 0, 2), (0, 0, 1, 12), 'n']] 0.069
 > Model[[(1, 0, 2), (0, 0, 2, 12), 'n']] 0.078
 > Model[[(1, 0, 2), (0, 1, 0, 12), 'n']] 0.048
 > Model[[(1, 0, 1), (2, 1, 2, 12), 'c']] 0.024
 > Model[[(1, 0, 2), (0, 1, 1, 12), 'n']] 0.036
 > Model[[(1, 0, 2), (1, 0, 0, 12), 'n']] 0.058
 > Model[[(1, 0, 1), (2, 1, 0, 12), 't']] 0.031
 > Model[[(1, 0, 2), (1, 0, 1, 12), 'n']] 0.053
 > Model[[(1, 0, 2), (1, 1, 0, 12), 'n']] 0.021
 > Model[[(1, 0, 2), (1, 0, 2, 12), 'n']] 0.072
 > Model[[(1, 0, 1), (0, 1, 2, 12), 'ct']] 0.034
 > Model[[(1, 0, 2), (1, 1, 1, 12), 'n']] 0.051
 > Model[[(1, 0, 2), (2, 0, 0, 12), 'n']] 0.023
 > Model[[(1, 0, 2), (2, 0, 1, 12), 'n']] 0.030
 > Model[[(1, 0, 2), (2, 0, 2, 12), 'n']] 0.030
 > Model[[(1, 0, 1), (2, 1, 1, 12), 't']] 0.043
 > Model[[(1, 0, 2), (0, 1, 2, 12), 'n']] 0.027
 > Model[[(1, 0, 2), (0, 0, 0, 0), 'c']] 0.057
 > Model[[(1, 0, 2), (0, 0, 0, 12), 'c']] 0.057
 > Model[[(1, 0, 2), (0, 0, 1, 12), 'c']] 0.067
 > Model[[(1, 0, 1), (1, 1, 2, 12), 'ct']] 0.034
 > Model[[(1, 0, 2), (0, 1, 0, 12), 'c']] 0.057
 > Model[[(1, 0, 2), (0, 0, 2, 12), 'c']] 0.056
 > Model[[(1, 0, 1), (2, 1, 2, 12), 't']] 0.035
 > Model[[(1, 0, 2), (1, 0, 0, 12), 'c']] 0.041
 > Model[[(1, 0, 2), (1, 0, 1, 12), 'c']] 0.042
 > Model[[(1, 0, 2), (0, 1, 1, 12), 'c']] 0.048
 > Model[[(1, 0, 2), (1, 1, 0, 12), 'c']] 0.025
 > Model[[(1, 0, 2), (1, 0, 2, 12), 'c']] 0.056
 > Model[[(1, 0, 2), (1, 1, 1, 12), 'c']] 0.046
 > Model[[(1, 0, 2), (2, 0, 0, 12), 'c']] 0.021
 > Model[[(1, 0, 1), (2, 1, 0, 12), 'ct']] 0.028
 > Model[[(1, 0, 2), (2, 0, 1, 12), 'c']] 0.021
 > Model[[(1, 0, 2), (2, 0, 2, 12), 'c']] 0.030
 > Model[[(1, 0, 2), (1, 1, 2, 12), 'n']] 0.022
 > Model[[(1, 0, 1), (2, 1, 1, 12), 'ct']] 0.045
 > Model[[(1, 0, 2), (0, 0, 0, 0), 't']] 0.053
 > Model[[(1, 0, 2), (0, 0, 0, 12), 't']] 0.053
 > Model[[(1, 0, 2), (0, 0, 1, 12), 't']] 0.048
 > Model[[(1, 0, 2), (2, 1, 0, 12), 'n']] 0.027
 > Model[[(1, 0, 2), (0, 1, 0, 12), 't']] 0.060
 > Model[[(1, 0, 2), (0, 0, 2, 12), 't']] 0.066
 > Model[[(1, 0, 2), (0, 1, 1, 12), 't']] 0.049
 > Model[[(1, 0, 2), (1, 0, 0, 12), 't']] 0.059
 > Model[[(1, 0, 2), (1, 0, 1, 12), 't']] 0.052
 > Model[[(1, 0, 2), (0, 1, 2, 12), 'c']] 0.042
 > Model[[(1, 0, 2), (1, 0, 2, 12), 't']] 0.064
 > Model[[(1, 0, 2), (1, 1, 0, 12), 't']] 0.031
 > Model[[(1, 0, 2), (1, 1, 1, 12), 't']] 0.064
 > Model[[(1, 0, 2), (2, 1, 1, 12), 'n']] 0.039
 > Model[[(1, 0, 2), (2, 0, 0, 12), 't']] 0.031
 > Model[[(1, 0, 2), (2, 0, 1, 12), 't']] 0.030
 > Model[[(1, 0, 1), (2, 1, 2, 12), 'ct']] 0.039
 > Model[[(1, 0, 2), (2, 0, 2, 12), 't']] 0.026
 > Model[[(1, 0, 2), (2, 1, 0, 12), 'c']] 0.025
 > Model[[(1, 0, 2), (0, 0, 0, 0), 'ct']] 0.058
 > Model[[(1, 0, 2), (0, 0, 0, 12), 'ct']] 0.058
 > Model[[(1, 0, 2), (2, 1, 2, 12), 'n']] 0.043
 > Model[[(1, 0, 2), (0, 0, 1, 12), 'ct']] 0.066
 > Model[[(1, 0, 2), (0, 1, 0, 12), 'ct']] 0.057
 > Model[[(1, 0, 2), (1, 1, 2, 12), 'c']] 0.032
 > Model[[(1, 0, 2), (0, 1, 1, 12), 'ct']] 0.048
 > Model[[(1, 0, 2), (1, 0, 0, 12), 'ct']] 0.050
 > Model[[(1, 0, 2), (1, 0, 1, 12), 'ct']] 0.059
 > Model[[(1, 0, 2), (0, 0, 2, 12), 'ct']] 0.057
 > Model[[(1, 0, 2), (1, 1, 0, 12), 'ct']] 0.026
 > Model[[(1, 0, 2), (1, 0, 2, 12), 'ct']] 0.056
 > Model[[(1, 0, 2), (1, 1, 1, 12), 'ct']] 0.058
 > Model[[(1, 0, 2), (2, 0, 0, 12), 'ct']] 0.026
 > Model[[(1, 0, 2), (2, 0, 1, 12), 'ct']] 0.024
 > Model[[(1, 0, 2), (2, 0, 2, 12), 'ct']] 0.056
 > Model[[(1, 0, 2), (0, 1, 2, 12), 't']] 0.038
 > Model[[(1, 0, 2), (2, 1, 1, 12), 'c']] 0.035
 > Model[[(1, 0, 2), (2, 1, 2, 12), 'c']] 0.044
 > Model[[(1, 1, 0), (0, 0, 0, 0), 'n']] 0.063
 > Model[[(1, 1, 0), (0, 0, 0, 12), 'n']] 0.063
 > Model[[(1, 1, 0), (0, 0, 1, 12), 'n']] 0.051
 > Model[[(1, 1, 0), (0, 0, 2, 12), 'n']] 0.056
 > Model[[(1, 1, 0), (0, 1, 0, 12), 'n']] 0.061
 > Model[[(1, 0, 2), (1, 1, 2, 12), 't']] 0.037
 > Model[[(1, 1, 0), (0, 1, 1, 12), 'n']] 0.044
 > Model[[(1, 1, 0), (1, 0, 0, 12), 'n']] 0.050
 > Model[[(1, 1, 0), (1, 0, 1, 12), 'n']] 0.045
 > Model[[(1, 0, 2), (2, 1, 0, 12), 't']] 0.034
 > Model[[(1, 1, 0), (1, 0, 2, 12), 'n']] 0.047
 > Model[[(1, 1, 0), (1, 1, 0, 12), 'n']] 0.022
 > Model[[(1, 1, 0), (1, 1, 1, 12), 'n']] 0.024
 > Model[[(1, 1, 0), (2, 0, 0, 12), 'n']] 0.021
 > Model[[(1, 1, 0), (2, 0, 1, 12), 'n']] 0.021
 > Model[[(1, 1, 0), (2, 0, 2, 12), 'n']] 0.022
 > Model[[(1, 1, 0), (0, 1, 2, 12), 'n']] 0.031
 > Model[[(1, 0, 2), (2, 1, 1, 12), 't']] 0.048
 > Model[[(1, 0, 2), (0, 1, 2, 12), 'ct']] 0.039
 > Model[[(1, 1, 0), (0, 0, 0, 0), 'c']] 0.064
 > Model[[(1, 1, 0), (0, 0, 0, 12), 'c']] 0.064
 > Model[[(1, 1, 0), (0, 0, 1, 12), 'c']] 0.052
 > Model[[(1, 1, 0), (0, 0, 2, 12), 'c']] 0.056
 > Model[[(1, 1, 0), (0, 1, 0, 12), 'c']] 0.062
 > Model[[(1, 1, 0), (0, 1, 1, 12), 'c']] 0.045
 > Model[[(1, 1, 0), (1, 1, 2, 12), 'n']] 0.030
 > Model[[(1, 1, 0), (1, 0, 0, 12), 'c']] 0.050
 > Model[[(1, 1, 0), (1, 0, 1, 12), 'c']] 0.045
 > Model[[(1, 0, 2), (2, 1, 2, 12), 't']] 0.035
 > Model[[(1, 1, 0), (1, 0, 2, 12), 'c']] 0.049
 > Model[[(1, 1, 0), (1, 1, 0, 12), 'c']] 0.022
 > Model[[(1, 1, 0), (1, 1, 1, 12), 'c']] 0.024
 > Model[[(1, 1, 0), (2, 0, 0, 12), 'c']] 0.022
 > Model[[(1, 0, 2), (1, 1, 2, 12), 'ct']] 0.034
 > Model[[(1, 1, 0), (2, 0, 1, 12), 'c']] 0.022
 > Model[[(1, 1, 0), (2, 1, 0, 12), 'n']] 0.029
 > Model[[(1, 1, 0), (2, 0, 2, 12), 'c']] 0.023
 > Model[[(1, 1, 0), (0, 1, 2, 12), 'c']] 0.034
 > Model[[(1, 1, 0), (0, 0, 0, 0), 't']] 0.064
 > Model[[(1, 1, 0), (0, 0, 0, 12), 't']] 0.064
 > Model[[(1, 1, 0), (0, 0, 1, 12), 't']] 0.052
 > Model[[(1, 1, 0), (0, 0, 2, 12), 't']] 0.070
 > Model[[(1, 1, 0), (0, 1, 0, 12), 't']] 0.063
 > Model[[(1, 1, 0), (0, 1, 1, 12), 't']] 0.045
 > Model[[(1, 0, 2), (2, 1, 0, 12), 'ct']] 0.032
 > Model[[(1, 1, 0), (1, 0, 0, 12), 't']] 0.051
 > Model[[(1, 1, 0), (1, 0, 1, 12), 't']] 0.046
 > Model[[(1, 1, 0), (1, 0, 2, 12), 't']] 0.038
 > Model[[(1, 1, 0), (1, 1, 0, 12), 't']] 0.023
 > Model[[(1, 1, 0), (1, 1, 1, 12), 't']] 0.024
 > Model[[(1, 1, 0), (2, 1, 0, 12), 'c']] 0.029
 > Model[[(1, 1, 0), (2, 0, 0, 12), 't']] 0.022
 > Model[[(1, 0, 2), (2, 1, 1, 12), 'ct']] 0.042
 > Model[[(1, 1, 0), (2, 1, 1, 12), 'n']] 0.030
 > Model[[(1, 1, 0), (2, 0, 1, 12), 't']] 0.022
 > Model[[(1, 1, 0), (1, 1, 2, 12), 'c']] 0.031
 > Model[[(1, 1, 0), (2, 0, 2, 12), 't']] 0.031
 > Model[[(1, 1, 0), (0, 0, 0, 0), 'ct']] 0.063
 > Model[[(1, 1, 0), (0, 0, 0, 12), 'ct']] 0.063
 > Model[[(1, 1, 0), (0, 0, 1, 12), 'ct']] 0.051
 > Model[[(1, 1, 0), (0, 0, 2, 12), 'ct']] 0.060
 > Model[[(1, 1, 0), (0, 1, 0, 12), 'ct']] 0.063
 > Model[[(1, 0, 2), (2, 1, 2, 12), 'ct']] 0.046
 > Model[[(1, 1, 0), (0, 1, 1, 12), 'ct']] 0.046
 > Model[[(1, 1, 0), (1, 0, 0, 12), 'ct']] 0.051
 > Model[[(1, 1, 0), (1, 0, 1, 12), 'ct']] 0.045
 > Model[[(1, 1, 0), (2, 1, 2, 12), 'n']] 0.034
 > Model[[(1, 1, 0), (1, 1, 0, 12), 'ct']] 0.023
 > Model[[(1, 1, 0), (1, 0, 2, 12), 'ct']] 0.042
 > Model[[(1, 1, 0), (1, 1, 1, 12), 'ct']] 0.024
 > Model[[(1, 1, 0), (2, 0, 0, 12), 'ct']] 0.022
 > Model[[(1, 1, 0), (0, 1, 2, 12), 't']] 0.036
 > Model[[(1, 1, 0), (2, 0, 1, 12), 'ct']] 0.021
 > Model[[(1, 1, 0), (2, 0, 2, 12), 'ct']] 0.026
 > Model[[(1, 1, 0), (2, 1, 1, 12), 'c']] 0.030
 > Model[[(1, 1, 0), (2, 1, 2, 12), 'c']] 0.035
 > Model[[(1, 1, 1), (0, 0, 0, 0), 'n']] 0.063
 > Model[[(1, 1, 1), (0, 0, 0, 12), 'n']] 0.063
 > Model[[(1, 1, 1), (0, 0, 1, 12), 'n']] 0.051
 > Model[[(1, 1, 0), (2, 1, 0, 12), 't']] 0.029
 > Model[[(1, 1, 1), (0, 1, 0, 12), 'n']] 0.061
 > Model[[(1, 1, 1), (0, 0, 2, 12), 'n']] 0.061
 > Model[[(1, 1, 1), (0, 1, 1, 12), 'n']] 0.042
 > Model[[(1, 1, 1), (1, 0, 0, 12), 'n']] 0.049
 > Model[[(1, 1, 1), (1, 0, 1, 12), 'n']] 0.041
 > Model[[(1, 1, 0), (1, 1, 2, 12), 't']] 0.031
 > Model[[(1, 1, 1), (1, 0, 2, 12), 'n']] 0.033
 > Model[[(1, 1, 1), (1, 1, 0, 12), 'n']] 0.024
 > Model[[(1, 1, 1), (1, 1, 1, 12), 'n']] 0.025
 > Model[[(1, 1, 1), (2, 0, 0, 12), 'n']] 0.029
 > Model[[(1, 1, 1), (2, 0, 1, 12), 'n']] 0.023
 > Model[[(1, 1, 0), (0, 1, 2, 12), 'ct']] 0.035
 > Model[[(1, 1, 1), (2, 0, 2, 12), 'n']] 0.030
 > Model[[(1, 1, 0), (2, 1, 0, 12), 'ct']] 0.029
 > Model[[(1, 1, 0), (2, 1, 1, 12), 't']] 0.033
 > Model[[(1, 1, 1), (0, 0, 0, 0), 'c']] 0.063
 > Model[[(1, 1, 1), (0, 0, 0, 12), 'c']] 0.063
 > Model[[(1, 1, 1), (0, 0, 1, 12), 'c']] 0.056
 > Model[[(1, 1, 1), (0, 0, 2, 12), 'c']] 0.062
 > Model[[(1, 1, 1), (0, 1, 0, 12), 'c']] 0.065
 > Model[[(1, 1, 1), (0, 1, 1, 12), 'c']] 0.040
 > Model[[(1, 1, 0), (2, 1, 2, 12), 't']] 0.034
 > Model[[(1, 1, 1), (1, 0, 0, 12), 'c']] 0.047
 > Model[[(1, 1, 1), (1, 0, 1, 12), 'c']] 0.042
 > Model[[(1, 1, 1), (1, 0, 2, 12), 'c']] 0.041
 > Model[[(1, 1, 0), (1, 1, 2, 12), 'ct']] 0.032
 > Model[[(1, 1, 1), (0, 1, 2, 12), 'n']] 0.032
 > Model[[(1, 1, 1), (1, 1, 0, 12), 'c']] 0.023
 > Model[[(1, 1, 1), (1, 1, 1, 12), 'c']] 0.025
 > Model[[(1, 1, 1), (2, 0, 0, 12), 'c']] 0.030
 > Model[[(1, 1, 1), (2, 0, 1, 12), 'c']] 0.026
 > Model[[(1, 1, 1), (2, 0, 2, 12), 'c']] 0.029
 > Model[[(1, 1, 0), (2, 1, 1, 12), 'ct']] 0.031
 > Model[[(1, 1, 0), (2, 1, 2, 12), 'ct']] 0.037
 > Model[[(1, 1, 1), (0, 0, 0, 0), 't']] 0.064
 > Model[[(1, 1, 1), (0, 0, 0, 12), 't']] 0.064
 > Model[[(1, 1, 1), (0, 0, 1, 12), 't']] 0.055
 > Model[[(1, 1, 1), (0, 0, 2, 12), 't']] 0.066
 > Model[[(1, 1, 1), (0, 1, 0, 12), 't']] 0.064
 > Model[[(1, 1, 1), (2, 1, 0, 12), 'n']] 0.026
 > Model[[(1, 1, 1), (0, 1, 1, 12), 't']] 0.041
 > Model[[(1, 1, 1), (1, 0, 0, 12), 't']] 0.062
 > Model[[(1, 1, 1), (1, 0, 1, 12), 't']] 0.052
 > Model[[(1, 1, 1), (1, 1, 2, 12), 'n']] 0.027
 > Model[[(1, 1, 1), (1, 0, 2, 12), 't']] 0.052
 > Model[[(1, 1, 1), (1, 1, 0, 12), 't']] 0.024
 > Model[[(1, 1, 1), (1, 1, 1, 12), 't']] 0.023
 > Model[[(1, 1, 1), (2, 0, 0, 12), 't']] 0.033
 > Model[[(1, 1, 1), (2, 0, 1, 12), 't']] 0.031
 > Model[[(1, 1, 1), (2, 0, 2, 12), 't']] 0.026
 > Model[[(1, 1, 1), (0, 1, 2, 12), 'c']] 0.033
 > Model[[(1, 1, 1), (2, 1, 1, 12), 'n']] 0.024
 > Model[[(1, 1, 1), (2, 1, 2, 12), 'n']] 0.027
 > Model[[(1, 1, 1), (0, 0, 0, 0), 'ct']] 0.064
 > Model[[(1, 1, 1), (0, 0, 0, 12), 'ct']] 0.064
 > Model[[(1, 1, 1), (0, 0, 1, 12), 'ct']] 0.055
 > Model[[(1, 1, 1), (0, 0, 2, 12), 'ct']] 0.056
 > Model[[(1, 1, 1), (0, 1, 0, 12), 'ct']] 0.065
 > Model[[(1, 1, 1), (2, 1, 0, 12), 'c']] 0.026
 > Model[[(1, 1, 1), (0, 1, 1, 12), 'ct']] 0.044
 > Model[[(1, 1, 1), (1, 0, 0, 12), 'ct']] 0.049
 > Model[[(1, 1, 1), (1, 0, 1, 12), 'ct']] 0.041
 > Model[[(1, 1, 1), (1, 0, 2, 12), 'ct']] 0.054
 > Model[[(1, 1, 1), (1, 1, 0, 12), 'ct']] 0.023
 > Model[[(1, 1, 1), (1, 1, 2, 12), 'c']] 0.029
 > Model[[(1, 1, 1), (1, 1, 1, 12), 'ct']] 0.031
 > Model[[(1, 1, 1), (2, 0, 0, 12), 'ct']] 0.029
 > Model[[(1, 1, 1), (2, 1, 1, 12), 'c']] 0.026
 > Model[[(1, 1, 1), (2, 0, 1, 12), 'ct']] 0.035
 > Model[[(1, 1, 1), (2, 0, 2, 12), 'ct']] 0.023
 > Model[[(1, 1, 1), (0, 1, 2, 12), 't']] 0.033
 > Model[[(1, 1, 1), (2, 1, 2, 12), 'c']] 0.032
 > Model[[(1, 1, 2), (0, 0, 0, 0), 'n']] 0.051
 > Model[[(1, 1, 2), (0, 0, 0, 12), 'n']] 0.051
 > Model[[(1, 1, 2), (0, 0, 1, 12), 'n']] 0.050
 > Model[[(1, 1, 2), (0, 0, 2, 12), 'n']] 0.062
 > Model[[(1, 1, 2), (0, 1, 0, 12), 'n']] 0.054
 > Model[[(1, 1, 2), (0, 1, 1, 12), 'n']] 0.035
 > Model[[(1, 1, 1), (1, 1, 2, 12), 't']] 0.027
 > Model[[(1, 1, 2), (1, 0, 0, 12), 'n']] 0.038
 > Model[[(1, 1, 2), (1, 0, 1, 12), 'n']] 0.035
 > Model[[(1, 1, 1), (2, 1, 0, 12), 't']] 0.031
 > Model[[(1, 1, 2), (1, 1, 0, 12), 'n']] 0.023
 > Model[[(1, 1, 2), (1, 0, 2, 12), 'n']] 0.038
 > Model[[(1, 1, 2), (1, 1, 1, 12), 'n']] 0.029
 > Model[[(1, 1, 2), (2, 0, 0, 12), 'n']] 0.027
 > Model[[(1, 1, 1), (0, 1, 2, 12), 'ct']] 0.030
 > Model[[(1, 1, 1), (2, 1, 1, 12), 't']] 0.030
 > Model[[(1, 1, 2), (2, 0, 1, 12), 'n']] 0.028
 > Model[[(1, 1, 2), (2, 0, 2, 12), 'n']] 0.026
 > Model[[(1, 1, 1), (2, 1, 2, 12), 't']] 0.034
 > Model[[(1, 1, 2), (0, 0, 0, 0), 'c']] 0.051
 > Model[[(1, 1, 2), (0, 0, 0, 12), 'c']] 0.051
 > Model[[(1, 1, 2), (0, 0, 1, 12), 'c']] 0.050
 > Model[[(1, 1, 2), (0, 0, 2, 12), 'c']] 0.064
 > Model[[(1, 1, 2), (0, 1, 0, 12), 'c']] 0.057
 > Model[[(1, 1, 2), (0, 1, 1, 12), 'c']] 0.042
 > Model[[(1, 1, 2), (0, 1, 2, 12), 'n']] 0.028
 > Model[[(1, 1, 2), (1, 0, 0, 12), 'c']] 0.055
 > Model[[(1, 1, 2), (1, 0, 1, 12), 'c']] 0.035
 > Model[[(1, 1, 2), (1, 0, 2, 12), 'c']] 0.044
 > Model[[(1, 1, 2), (1, 1, 0, 12), 'c']] 0.026
 > Model[[(1, 1, 2), (1, 1, 1, 12), 'c']] 0.028
 > Model[[(1, 1, 1), (1, 1, 2, 12), 'ct']] 0.030
 > Model[[(1, 1, 1), (2, 1, 0, 12), 'ct']] 0.028
 > Model[[(1, 1, 2), (2, 0, 0, 12), 'c']] 0.026
 > Model[[(1, 1, 2), (2, 0, 1, 12), 'c']] 0.029
 > Model[[(1, 1, 2), (2, 0, 2, 12), 'c']] 0.022
 > Model[[(1, 1, 1), (2, 1, 1, 12), 'ct']] 0.025
 > Model[[(1, 1, 2), (1, 1, 2, 12), 'n']] 0.027
 > Model[[(1, 1, 2), (0, 0, 0, 0), 't']] 0.053
 > Model[[(1, 1, 2), (0, 0, 0, 12), 't']] 0.053
 > Model[[(1, 1, 2), (0, 0, 1, 12), 't']] 0.055
 > Model[[(1, 1, 2), (0, 0, 2, 12), 't']] 0.063
 > Model[[(1, 1, 2), (0, 1, 0, 12), 't']] 0.057
 > Model[[(1, 1, 1), (2, 1, 2, 12), 'ct']] 0.027
 > Model[[(1, 1, 2), (0, 1, 1, 12), 't']] 0.041
 > Model[[(1, 1, 2), (1, 0, 0, 12), 't']] 0.064
 > Model[[(1, 1, 2), (1, 0, 1, 12), 't']] 0.052
 > Model[[(1, 1, 2), (1, 0, 2, 12), 't']] 0.042
 > Model[[(1, 1, 2), (2, 1, 0, 12), 'n']] 0.029
 > Model[[(1, 1, 2), (1, 1, 0, 12), 't']] 0.026
 > Model[[(1, 1, 2), (1, 1, 1, 12), 't']] 0.033
 > Model[[(1, 1, 2), (2, 1, 1, 12), 'n']] 0.030
 > Model[[(1, 1, 2), (2, 0, 0, 12), 't']] 0.033
 > Model[[(1, 1, 2), (2, 0, 1, 12), 't']] 0.034
 > Model[[(1, 1, 2), (2, 0, 2, 12), 't']] 0.026
 > Model[[(1, 1, 2), (0, 1, 2, 12), 'c']] 0.028
 > Model[[(1, 1, 2), (2, 1, 2, 12), 'n']] 0.028
 > Model[[(1, 1, 2), (0, 0, 0, 0), 'ct']] 0.053
 > Model[[(1, 1, 2), (0, 0, 0, 12), 'ct']] 0.053
 > Model[[(1, 1, 2), (0, 0, 1, 12), 'ct']] 0.051
 > Model[[(1, 1, 2), (0, 0, 2, 12), 'ct']] 0.067
 > Model[[(1, 1, 2), (0, 1, 0, 12), 'ct']] 0.059
 > Model[[(1, 1, 2), (0, 1, 1, 12), 'ct']] 0.043
 > Model[[(1, 1, 2), (1, 1, 2, 12), 'c']] 0.031
 > Model[[(1, 1, 2), (1, 0, 0, 12), 'ct']] 0.048
 > Model[[(1, 1, 2), (1, 0, 1, 12), 'ct']] 0.053
 > Model[[(1, 1, 2), (2, 1, 0, 12), 'c']] 0.028
 > Model[[(1, 1, 2), (1, 1, 0, 12), 'ct']] 0.023
 > Model[[(1, 1, 2), (1, 0, 2, 12), 'ct']] 0.032
 > Model[[(1, 1, 2), (1, 1, 1, 12), 'ct']] 0.030
 > Model[[(1, 1, 2), (2, 0, 0, 12), 'ct']] 0.032
 > Model[[(1, 1, 2), (2, 1, 1, 12), 'c']] 0.031
 > Model[[(1, 1, 2), (2, 0, 1, 12), 'ct']] 0.032
 > Model[[(1, 1, 2), (2, 0, 2, 12), 'ct']] 0.026
 > Model[[(1, 1, 2), (0, 1, 2, 12), 't']] 0.031
 > Model[[(1, 1, 2), (2, 1, 2, 12), 'c']] 0.038
 > Model[[(2, 0, 0), (0, 0, 0, 0), 'n']] 0.065
 > Model[[(2, 0, 0), (0, 0, 0, 12), 'n']] 0.065
 > Model[[(2, 0, 0), (0, 0, 1, 12), 'n']] 0.073
 > Model[[(2, 0, 0), (0, 0, 2, 12), 'n']] 0.058
 > Model[[(2, 0, 0), (0, 1, 0, 12), 'n']] 0.051
 > Model[[(2, 0, 0), (0, 1, 1, 12), 'n']] 0.038
 > Model[[(1, 1, 2), (2, 1, 0, 12), 't']] 0.028
 > Model[[(2, 0, 0), (1, 0, 0, 12), 'n']] 0.049
 > Model[[(2, 0, 0), (1, 0, 1, 12), 'n']] 0.046
 > Model[[(1, 1, 2), (1, 1, 2, 12), 't']] 0.025
 > Model[[(2, 0, 0), (1, 0, 2, 12), 'n']] 0.058
 > Model[[(2, 0, 0), (1, 1, 0, 12), 'n']] 0.021
 > Model[[(2, 0, 0), (1, 1, 1, 12), 'n']] 0.023
 > Model[[(2, 0, 0), (2, 0, 0, 12), 'n']] 0.023
 > Model[[(2, 0, 0), (2, 0, 1, 12), 'n']] 0.022
 > Model[[(1, 1, 2), (2, 1, 1, 12), 't']] 0.026
 > Model[[(2, 0, 0), (0, 1, 2, 12), 'n']] 0.032
 > Model[[(1, 1, 2), (2, 1, 2, 12), 't']] 0.033
 > Model[[(2, 0, 0), (2, 0, 2, 12), 'n']] 0.029
 > Model[[(2, 0, 0), (0, 0, 0, 0), 'c']] 0.062
 > Model[[(2, 0, 0), (0, 0, 0, 12), 'c']] 0.062
 > Model[[(2, 0, 0), (0, 0, 1, 12), 'c']] 0.061
 > Model[[(2, 0, 0), (0, 0, 2, 12), 'c']] 0.057
 > Model[[(2, 0, 0), (0, 1, 0, 12), 'c']] 0.058
 > Model[[(2, 0, 0), (0, 1, 1, 12), 'c']] 0.042
 > Model[[(1, 1, 2), (0, 1, 2, 12), 'ct']] 0.035
 > Model[[(2, 0, 0), (1, 0, 0, 12), 'c']] 0.042
 > Model[[(2, 0, 0), (1, 0, 1, 12), 'c']] 0.044
 > Model[[(2, 0, 0), (1, 0, 2, 12), 'c']] 0.055
 > Model[[(2, 0, 0), (1, 1, 0, 12), 'c']] 0.025
 > Model[[(2, 0, 0), (1, 1, 1, 12), 'c']] 0.032
 > Model[[(2, 0, 0), (1, 1, 2, 12), 'n']] 0.022
 > Model[[(2, 0, 0), (2, 1, 0, 12), 'n']] 0.028
 > Model[[(2, 0, 0), (2, 0, 0, 12), 'c']] 0.031
 > Model[[(2, 0, 0), (2, 0, 1, 12), 'c']] 0.029
 > Model[[(2, 0, 0), (2, 0, 2, 12), 'c']] 0.038
 > Model[[(1, 1, 2), (1, 1, 2, 12), 'ct']] 0.028
 > Model[[(1, 1, 2), (2, 1, 0, 12), 'ct']] 0.028
 > Model[[(2, 0, 0), (0, 0, 0, 0), 't']] 0.062
 > Model[[(2, 0, 0), (0, 0, 0, 12), 't']] 0.062
 > Model[[(2, 0, 0), (0, 0, 1, 12), 't']] 0.119
 > Model[[(2, 0, 0), (0, 1, 2, 12), 'c']] 0.033
 > Model[[(2, 0, 0), (0, 1, 0, 12), 't']] 0.061
 > Model[[(2, 0, 0), (0, 1, 1, 12), 't']] 0.045
 > Model[[(2, 0, 0), (0, 0, 2, 12), 't']] 0.064
 > Model[[(2, 0, 0), (1, 0, 0, 12), 't']] 0.051
 > Model[[(2, 0, 0), (1, 0, 1, 12), 't']] 0.062
 > Model[[(2, 0, 0), (1, 0, 2, 12), 't']] 0.066
 > Model[[(2, 0, 0), (1, 1, 0, 12), 't']] 0.031
 > Model[[(2, 0, 0), (1, 1, 1, 12), 't']] 0.036
 > Model[[(1, 1, 2), (2, 1, 1, 12), 'ct']] 0.033
 > Model[[(2, 0, 0), (2, 1, 1, 12), 'n']] 0.033
 > Model[[(2, 0, 0), (1, 1, 2, 12), 'c']] 0.024
 > Model[[(1, 1, 2), (2, 1, 2, 12), 'ct']] 0.030
 > Model[[(2, 0, 0), (2, 0, 0, 12), 't']] 0.033
 > Model[[(2, 0, 0), (2, 0, 1, 12), 't']] 0.034
 > Model[[(2, 0, 0), (2, 0, 2, 12), 't']] 0.038
 > Model[[(2, 0, 0), (0, 0, 0, 0), 'ct']] 0.064
 > Model[[(2, 0, 0), (0, 0, 0, 12), 'ct']] 0.064
 > Model[[(2, 0, 0), (0, 0, 1, 12), 'ct']] 0.099
 > Model[[(2, 0, 0), (0, 0, 2, 12), 'ct']] 0.057
 > Model[[(2, 0, 0), (0, 1, 0, 12), 'ct']] 0.059
 > Model[[(2, 0, 0), (2, 1, 2, 12), 'n']] 0.036
 > Model[[(2, 0, 0), (0, 1, 1, 12), 'ct']] 0.048
 > Model[[(2, 0, 0), (1, 0, 0, 12), 'ct']] 0.051
 > Model[[(2, 0, 0), (1, 0, 1, 12), 'ct']] 0.055
 > Model[[(2, 0, 0), (1, 0, 2, 12), 'ct']] 0.060
 > Model[[(2, 0, 0), (2, 1, 0, 12), 'c']] 0.026
 > Model[[(2, 0, 0), (1, 1, 0, 12), 'ct']] 0.026
 > Model[[(2, 0, 0), (1, 1, 1, 12), 'ct']] 0.040
 > Model[[(2, 0, 0), (2, 0, 0, 12), 'ct']] 0.053
 > Model[[(2, 0, 0), (2, 0, 1, 12), 'ct']] 0.045
 > Model[[(2, 0, 0), (2, 0, 2, 12), 'ct']] 0.043
 > Model[[(2, 0, 0), (0, 1, 2, 12), 't']] 0.033
 > Model[[(2, 0, 0), (2, 1, 1, 12), 'c']] 0.035
 > Model[[(2, 0, 0), (1, 1, 2, 12), 't']] 0.034
 > Model[[(2, 0, 1), (0, 0, 0, 0), 'n']] 0.080
 > Model[[(2, 0, 1), (0, 0, 0, 12), 'n']] 0.080
 > Model[[(2, 0, 1), (0, 0, 1, 12), 'n']] 0.058
 > Model[[(2, 0, 0), (0, 1, 2, 12), 'ct']] 0.035
 > Model[[(2, 0, 1), (0, 1, 0, 12), 'n']] 0.051
 > Model[[(2, 0, 0), (2, 1, 0, 12), 't']] 0.030
 > Model[[(2, 0, 1), (0, 0, 2, 12), 'n']] 0.067
 > Model[[(2, 0, 1), (0, 1, 1, 12), 'n']] 61143126301907976841362145280.000
 > Model[[(2, 0, 0), (2, 1, 2, 12), 'c']] 0.031
 > Model[[(2, 0, 1), (1, 0, 0, 12), 'n']] 0.048
 > Model[[(2, 0, 1), (1, 0, 1, 12), 'n']] 0.052
 > Model[[(2, 0, 1), (1, 1, 0, 12), 'n']] 0.022
 > Model[[(2, 0, 1), (1, 0, 2, 12), 'n']] 0.039
 > Model[[(2, 0, 1), (1, 1, 1, 12), 'n']] 134036541908612382169724092416.000
 > Model[[(2, 0, 1), (2, 0, 0, 12), 'n']] 0.026
 > Model[[(2, 0, 1), (2, 0, 1, 12), 'n']] 0.019
 > Model[[(2, 0, 0), (2, 1, 1, 12), 't']] 0.043
 > Model[[(2, 0, 1), (2, 0, 2, 12), 'n']] 0.026
 > Model[[(2, 0, 0), (2, 1, 2, 12), 't']] 0.032
 > Model[[(2, 0, 1), (0, 0, 0, 0), 'c']] 0.080
 > Model[[(2, 0, 1), (0, 0, 0, 12), 'c']] 0.080
 > Model[[(2, 0, 1), (0, 0, 1, 12), 'c']] 0.047
 > Model[[(2, 0, 1), (0, 0, 2, 12), 'c']] 0.055
 > Model[[(2, 0, 1), (0, 1, 0, 12), 'c']] 0.052
 > Model[[(2, 0, 0), (1, 1, 2, 12), 'ct']] 0.029
 > Model[[(2, 0, 1), (0, 1, 1, 12), 'c']] 5388312734703859712.000
 > Model[[(2, 0, 1), (1, 0, 0, 12), 'c']] 0.074
 > Model[[(2, 0, 0), (2, 1, 0, 12), 'ct']] 0.029
 > Model[[(2, 0, 1), (1, 0, 1, 12), 'c']] 0.048
 > Model[[(2, 0, 1), (1, 1, 0, 12), 'c']] 0.023
 > Model[[(2, 0, 1), (1, 0, 2, 12), 'c']] 0.048
 > Model[[(2, 0, 1), (1, 1, 1, 12), 'c']] 116063619505395792.000
 > Model[[(2, 0, 1), (2, 0, 0, 12), 'c']] 0.061
 > Model[[(2, 0, 1), (2, 0, 1, 12), 'c']] 0.056
 > Model[[(2, 0, 1), (2, 0, 2, 12), 'c']] 0.052
 > Model[[(2, 0, 0), (2, 1, 1, 12), 'ct']] 0.041
 > Model[[(2, 0, 1), (0, 1, 2, 12), 'n']] 0.034
 > Model[[(2, 0, 1), (2, 1, 0, 12), 'n']] 0.026
 > Model[[(2, 0, 1), (0, 0, 0, 0), 't']] 0.081
 > Model[[(2, 0, 1), (0, 0, 0, 12), 't']] 0.081
 > Model[[(2, 0, 1), (0, 0, 1, 12), 't']] 0.077
 > Model[[(2, 0, 1), (0, 0, 2, 12), 't']] 0.077
 > Model[[(2, 0, 1), (0, 1, 0, 12), 't']] 0.056
 > Model[[(2, 0, 1), (0, 1, 1, 12), 't']] 286409040921618.875
 > Model[[(2, 0, 0), (2, 1, 2, 12), 'ct']] 0.030
 > Model[[(2, 0, 1), (1, 0, 0, 12), 't']] 0.061
 > Model[[(2, 0, 1), (1, 0, 1, 12), 't']] 0.083
 > Model[[(2, 0, 1), (1, 1, 2, 12), 'n']] 0.023
 > Model[[(2, 0, 1), (1, 1, 0, 12), 't']] 0.037
 > Model[[(2, 0, 1), (1, 0, 2, 12), 't']] 0.040
 > Model[[(2, 0, 1), (2, 1, 1, 12), 'n']] 93881336482174877475975200768.000
 > Model[[(2, 0, 1), (1, 1, 1, 12), 't']] 470913043879765.188
 > Model[[(2, 0, 1), (2, 0, 0, 12), 't']] 0.029
 > Model[[(2, 0, 1), (2, 0, 1, 12), 't']] 0.043
 > Model[[(2, 0, 1), (2, 0, 2, 12), 't']] 0.026
 > Model[[(2, 0, 1), (0, 1, 2, 12), 'c']] 0.036
 > Model[[(2, 0, 1), (2, 1, 2, 12), 'n']] 0.030
 > Model[[(2, 0, 1), (0, 0, 0, 0), 'ct']] 0.088
 > Model[[(2, 0, 1), (0, 0, 0, 12), 'ct']] 0.088
 > Model[[(2, 0, 1), (0, 0, 1, 12), 'ct']] 0.057
 > Model[[(2, 0, 1), (0, 0, 2, 12), 'ct']] 0.075
 > Model[[(2, 0, 1), (0, 1, 0, 12), 'ct']] 0.055
 > Model[[(2, 0, 1), (2, 1, 0, 12), 'c']] 0.027
 > Model[[(2, 0, 1), (0, 1, 1, 12), 'ct']] 41614874830427.180
 > Model[[(2, 0, 1), (1, 0, 0, 12), 'ct']] 0.055
 > Model[[(2, 0, 1), (1, 0, 1, 12), 'ct']] 0.057
 > Model[[(2, 0, 1), (1, 1, 2, 12), 'c']] 0.033
 > Model[[(2, 0, 1), (1, 0, 2, 12), 'ct']] 0.045
 > Model[[(2, 0, 1), (1, 1, 0, 12), 'ct']] 0.031
 > Model[[(2, 0, 1), (1, 1, 1, 12), 'ct']] 97806286817508.922
 > Model[[(2, 0, 1), (2, 0, 0, 12), 'ct']] 0.060
 > Model[[(2, 0, 1), (2, 0, 1, 12), 'ct']] 0.070
 > Model[[(2, 0, 1), (2, 0, 2, 12), 'ct']] 0.082
 > Model[[(2, 0, 1), (0, 1, 2, 12), 't']] 0.051
 > Model[[(2, 0, 1), (2, 1, 1, 12), 'c']] 29548291952336285696.000
 > Model[[(2, 0, 1), (2, 1, 2, 12), 'c']] 0.028
 > Model[[(2, 0, 2), (0, 0, 0, 0), 'n']] 0.053
 > Model[[(2, 0, 2), (0, 0, 0, 12), 'n']] 0.053
 > Model[[(2, 0, 2), (0, 0, 1, 12), 'n']] 0.073
 > Model[[(2, 0, 2), (0, 0, 2, 12), 'n']] 0.072
 > Model[[(2, 0, 2), (0, 1, 0, 12), 'n']] 0.047
 > Model[[(2, 0, 2), (0, 1, 1, 12), 'n']] 0.040
 > Model[[(2, 0, 1), (1, 1, 2, 12), 't']] 0.035
 > Model[[(2, 0, 2), (1, 0, 0, 12), 'n']] 0.062
 > Model[[(2, 0, 2), (1, 0, 1, 12), 'n']] 0.048
 > Model[[(2, 0, 1), (2, 1, 0, 12), 't']] 0.032
 > Model[[(2, 0, 2), (1, 0, 2, 12), 'n']] 0.068
 > Model[[(2, 0, 1), (2, 1, 1, 12), 't']] 1103933387273061.000
 > Model[[(2, 0, 2), (1, 1, 0, 12), 'n']] 0.020
 > Model[[(2, 0, 2), (1, 1, 1, 12), 'n']] 0.046
 > Model[[(2, 0, 2), (2, 0, 0, 12), 'n']] 0.027
 > Model[[(2, 0, 2), (2, 0, 1, 12), 'n']] 0.025
 > Model[[(2, 0, 2), (2, 0, 2, 12), 'n']] 0.030
 > Model[[(2, 0, 1), (2, 1, 2, 12), 't']] 0.037
 > Model[[(2, 0, 1), (0, 1, 2, 12), 'ct']] 0.046
 > Model[[(2, 0, 2), (0, 0, 0, 0), 'c']] 0.056
 > Model[[(2, 0, 2), (0, 0, 0, 12), 'c']] 0.056
 > Model[[(2, 0, 2), (0, 0, 1, 12), 'c']] 0.074
 > Model[[(2, 0, 2), (0, 0, 2, 12), 'c']] 0.056
 > Model[[(2, 0, 2), (0, 1, 0, 12), 'c']] 0.055
 > Model[[(2, 0, 2), (0, 1, 1, 12), 'c']] 0.048
 > Model[[(2, 0, 2), (0, 1, 2, 12), 'n']] 0.031
 > Model[[(2, 0, 1), (1, 1, 2, 12), 'ct']] 0.033
 > Model[[(2, 0, 2), (1, 0, 0, 12), 'c']] 0.041
 > Model[[(2, 0, 2), (1, 0, 1, 12), 'c']] 0.060
 > Model[[(2, 0, 2), (1, 1, 0, 12), 'c']] 0.026
 > Model[[(2, 0, 2), (1, 0, 2, 12), 'c']] 0.060
 > Model[[(2, 0, 2), (1, 1, 1, 12), 'c']] 0.038
 > Model[[(2, 0, 1), (2, 1, 0, 12), 'ct']] 0.028
 > Model[[(2, 0, 2), (2, 0, 0, 12), 'c']] 0.029
 > Model[[(2, 0, 2), (2, 0, 1, 12), 'c']] 0.028
 > Model[[(2, 0, 2), (2, 0, 2, 12), 'c']] 0.045
 > Model[[(2, 0, 1), (2, 1, 1, 12), 'ct']] 115373724384316.359
 > Model[[(2, 0, 2), (1, 1, 2, 12), 'n']] 0.021
 > Model[[(2, 0, 2), (0, 0, 0, 0), 't']] 0.049
 > Model[[(2, 0, 2), (0, 0, 0, 12), 't']] 0.049
 > Model[[(2, 0, 2), (0, 0, 1, 12), 't']] 0.106
 > Model[[(2, 0, 2), (0, 0, 2, 12), 't']] 0.063
 > Model[[(2, 0, 2), (0, 1, 0, 12), 't']] 0.058
 > Model[[(2, 0, 2), (0, 1, 1, 12), 't']] 0.053
 > Model[[(2, 0, 2), (2, 1, 0, 12), 'n']] 0.028
 > Model[[(2, 0, 2), (1, 0, 0, 12), 't']] 0.054
 > Model[[(2, 0, 2), (1, 0, 1, 12), 't']] 0.050
 > Model[[(2, 0, 1), (2, 1, 2, 12), 'ct']] 0.037
 > Model[[(2, 0, 2), (1, 0, 2, 12), 't']] 0.064
 > Model[[(2, 0, 2), (1, 1, 0, 12), 't']] 0.033
 > Model[[(2, 0, 2), (1, 1, 1, 12), 't']] 0.044
 > Model[[(2, 0, 2), (0, 1, 2, 12), 'c']] 0.051
 > Model[[(2, 0, 2), (2, 0, 0, 12), 't']] 0.042
 > Model[[(2, 0, 2), (2, 0, 1, 12), 't']] 0.022
 > Model[[(2, 0, 2), (2, 0, 2, 12), 't']] 0.028
 > Model[[(2, 0, 2), (2, 1, 1, 12), 'n']] 0.025
 > Model[[(2, 0, 2), (2, 1, 2, 12), 'n']] 0.043
 > Model[[(2, 0, 2), (0, 0, 0, 0), 'ct']] 0.061
 > Model[[(2, 0, 2), (0, 0, 0, 12), 'ct']] 0.061
 > Model[[(2, 0, 2), (0, 0, 1, 12), 'ct']] 0.076
 > Model[[(2, 0, 2), (1, 1, 2, 12), 'c']] 0.036
 > Model[[(2, 0, 2), (0, 1, 0, 12), 'ct']] 0.058
 > Model[[(2, 0, 2), (0, 0, 2, 12), 'ct']] 0.057
 > Model[[(2, 0, 2), (0, 1, 1, 12), 'ct']] 0.046
 > Model[[(2, 0, 2), (1, 0, 0, 12), 'ct']] 0.053
 > Model[[(2, 0, 2), (1, 0, 1, 12), 'ct']] 0.052
 > Model[[(2, 0, 2), (1, 0, 2, 12), 'ct']] 0.060
 > Model[[(2, 0, 2), (1, 1, 0, 12), 'ct']] 0.031
 > Model[[(2, 0, 2), (1, 1, 1, 12), 'ct']] 0.042
 > Model[[(2, 0, 2), (2, 1, 0, 12), 'c']] 0.032
 > Model[[(2, 0, 2), (2, 0, 0, 12), 'ct']] 0.029
 > Model[[(2, 0, 2), (2, 0, 1, 12), 'ct']] 0.030
 > Model[[(2, 0, 2), (0, 1, 2, 12), 't']] 0.038
 > Model[[(2, 0, 2), (2, 1, 2, 12), 'c']] 0.046
 > Model[[(2, 0, 2), (2, 0, 2, 12), 'ct']] 0.064
 > Model[[(2, 0, 2), (2, 1, 1, 12), 'c']] 0.037
 > Model[[(2, 1, 0), (0, 0, 0, 0), 'n']] 0.054
 > Model[[(2, 1, 0), (0, 0, 0, 12), 'n']] 0.054
 > Model[[(2, 1, 0), (0, 0, 1, 12), 'n']] 0.051
 > Model[[(2, 1, 0), (0, 0, 2, 12), 'n']] 0.061
 > Model[[(2, 1, 0), (0, 1, 0, 12), 'n']] 0.057
 > Model[[(2, 1, 0), (0, 1, 1, 12), 'n']] 0.041
 > Model[[(2, 0, 2), (1, 1, 2, 12), 't']] 0.046
 > Model[[(2, 1, 0), (1, 0, 0, 12), 'n']] 0.052
 > Model[[(2, 1, 0), (1, 0, 1, 12), 'n']] 0.045
 > Model[[(2, 1, 0), (1, 0, 2, 12), 'n']] 0.033
 > Model[[(2, 1, 0), (1, 1, 0, 12), 'n']] 0.023
 > Model[[(2, 1, 0), (1, 1, 1, 12), 'n']] 0.026
 > Model[[(2, 0, 2), (2, 1, 0, 12), 't']] 0.033
 > Model[[(2, 1, 0), (2, 0, 0, 12), 'n']] 0.023
 > Model[[(2, 1, 0), (2, 0, 1, 12), 'n']] 0.022
 > Model[[(2, 0, 2), (2, 1, 1, 12), 't']] 0.042
 > Model[[(2, 1, 0), (2, 0, 2, 12), 'n']] 0.021
 > Model[[(2, 1, 0), (0, 1, 2, 12), 'n']] 0.030
 > Model[[(2, 0, 2), (2, 1, 2, 12), 't']] 0.056
 > Model[[(2, 1, 0), (0, 0, 0, 0), 'c']] 0.055
 > Model[[(2, 1, 0), (0, 0, 0, 12), 'c']] 0.055
 > Model[[(2, 1, 0), (0, 0, 1, 12), 'c']] 0.052
 > Model[[(2, 1, 0), (0, 0, 2, 12), 'c']] 0.061
 > Model[[(2, 1, 0), (0, 1, 0, 12), 'c']] 0.058
 > Model[[(2, 1, 0), (0, 1, 1, 12), 'c']] 0.038
 > Model[[(2, 0, 2), (0, 1, 2, 12), 'ct']] 0.041
 > Model[[(2, 1, 0), (1, 0, 0, 12), 'c']] 0.051
 > Model[[(2, 1, 0), (1, 0, 1, 12), 'c']] 0.045
 > Model[[(2, 1, 0), (1, 0, 2, 12), 'c']] 0.038
 > Model[[(2, 1, 0), (1, 1, 0, 12), 'c']] 0.023
 > Model[[(2, 1, 0), (1, 1, 1, 12), 'c']] 0.026
 > Model[[(2, 1, 0), (2, 1, 0, 12), 'n']] 0.026
 > Model[[(2, 1, 0), (2, 0, 0, 12), 'c']] 0.023
 > Model[[(2, 1, 0), (1, 1, 2, 12), 'n']] 0.023
 > Model[[(2, 1, 0), (2, 0, 1, 12), 'c']] 0.023
 > Model[[(2, 1, 0), (2, 0, 2, 12), 'c']] 0.021
 > Model[[(2, 0, 2), (1, 1, 2, 12), 'ct']] 0.031
 > Model[[(2, 0, 2), (2, 1, 0, 12), 'ct']] 0.029
 > Model[[(2, 1, 0), (0, 0, 0, 0), 't']] 0.055
 > Model[[(2, 1, 0), (0, 0, 0, 12), 't']] 0.055
 > Model[[(2, 1, 0), (0, 0, 1, 12), 't']] 0.052
 > Model[[(2, 1, 0), (0, 1, 2, 12), 'c']] 0.036
 > Model[[(2, 1, 0), (0, 1, 0, 12), 't']] 0.060
 > Model[[(2, 1, 0), (0, 0, 2, 12), 't']] 0.047
 > Model[[(2, 1, 0), (0, 1, 1, 12), 't']] 0.043
 > Model[[(2, 1, 0), (1, 0, 0, 12), 't']] 0.054
 > Model[[(2, 1, 0), (1, 0, 1, 12), 't']] 0.047
 > Model[[(2, 1, 0), (2, 1, 1, 12), 'n']] 0.029
 > Model[[(2, 1, 0), (1, 0, 2, 12), 't']] 0.047
 > Model[[(2, 1, 0), (1, 1, 0, 12), 't']] 0.024
 > Model[[(2, 0, 2), (2, 1, 1, 12), 'ct']] 0.033
 > Model[[(2, 1, 0), (1, 1, 1, 12), 't']] 0.027
 > Model[[(2, 1, 0), (2, 0, 0, 12), 't']] 0.024
 > Model[[(2, 1, 0), (2, 1, 2, 12), 'n']] 0.022
 > Model[[(2, 1, 0), (2, 0, 1, 12), 't']] 0.031
 > Model[[(2, 1, 0), (2, 0, 2, 12), 't']] 0.028
 > Model[[(2, 0, 2), (2, 1, 2, 12), 'ct']] 0.042
 > Model[[(2, 1, 0), (0, 0, 0, 0), 'ct']] 0.055
 > Model[[(2, 1, 0), (0, 0, 0, 12), 'ct']] 0.055
 > Model[[(2, 1, 0), (0, 0, 1, 12), 'ct']] 0.051
 > Model[[(2, 1, 0), (2, 1, 0, 12), 'c']] 0.025
 > Model[[(2, 1, 0), (0, 1, 0, 12), 'ct']] 0.061
 > Model[[(2, 1, 0), (0, 0, 2, 12), 'ct']] 0.056
 > Model[[(2, 1, 0), (0, 1, 1, 12), 'ct']] 0.044
 > Model[[(2, 1, 0), (1, 0, 0, 12), 'ct']] 0.054
 > Model[[(2, 1, 0), (1, 0, 1, 12), 'ct']] 0.047
 > Model[[(2, 1, 0), (1, 0, 2, 12), 'ct']] 0.046
 > Model[[(2, 1, 0), (1, 1, 2, 12), 'c']] 0.022
 > Model[[(2, 1, 0), (1, 1, 0, 12), 'ct']] 0.024
 > Model[[(2, 1, 0), (1, 1, 1, 12), 'ct']] 0.027
 > Model[[(2, 1, 0), (2, 0, 0, 12), 'ct']] 0.023
 > Model[[(2, 1, 0), (2, 0, 1, 12), 'ct']] 0.024
 > Model[[(2, 1, 0), (2, 0, 2, 12), 'ct']] 0.023
 > Model[[(2, 1, 0), (2, 1, 1, 12), 'c']] 0.028
 > Model[[(2, 1, 0), (2, 1, 2, 12), 'c']] 0.018
 > Model[[(2, 1, 0), (0, 1, 2, 12), 't']] 0.036
 > Model[[(2, 1, 1), (0, 0, 0, 0), 'n']] 0.056
 > Model[[(2, 1, 1), (0, 0, 0, 12), 'n']] 0.056
 > Model[[(2, 1, 1), (0, 0, 1, 12), 'n']] 0.061
 > Model[[(2, 1, 1), (0, 0, 2, 12), 'n']] 0.059
 > Model[[(2, 1, 0), (2, 1, 0, 12), 't']] 0.026
 > Model[[(2, 1, 1), (0, 1, 0, 12), 'n']] 0.056
 > Model[[(2, 1, 1), (0, 1, 1, 12), 'n']] 0.041
 > Model[[(2, 1, 1), (1, 0, 0, 12), 'n']] 0.047
 > Model[[(2, 1, 1), (1, 0, 1, 12), 'n']] 0.042
 > Model[[(2, 1, 1), (1, 0, 2, 12), 'n']] 0.039
 > Model[[(2, 1, 1), (1, 1, 0, 12), 'n']] 0.024
 > Model[[(2, 1, 0), (1, 1, 2, 12), 't']] 0.023
 > Model[[(2, 1, 1), (1, 1, 1, 12), 'n']] 0.024
 > Model[[(2, 1, 1), (2, 0, 0, 12), 'n']] 0.025
 > Model[[(2, 1, 0), (0, 1, 2, 12), 'ct']] 0.034
 > Model[[(2, 1, 1), (2, 0, 1, 12), 'n']] 0.024
 > Model[[(2, 1, 1), (2, 0, 2, 12), 'n']] 0.024
 > Model[[(2, 1, 0), (2, 1, 1, 12), 't']] 0.030
 > Model[[(2, 1, 0), (2, 1, 2, 12), 't']] 0.020
 > Model[[(2, 1, 1), (0, 0, 0, 0), 'c']] 0.056
 > Model[[(2, 1, 1), (0, 0, 0, 12), 'c']] 0.056
 > Model[[(2, 1, 1), (0, 0, 1, 12), 'c']] 0.066
 > Model[[(2, 1, 0), (2, 1, 0, 12), 'ct']] 0.026
 > Model[[(2, 1, 1), (0, 0, 2, 12), 'c']] 0.060
 > Model[[(2, 1, 1), (0, 1, 0, 12), 'c']] 0.058
 > Model[[(2, 1, 1), (0, 1, 1, 12), 'c']] 0.040
 > Model[[(2, 1, 1), (1, 0, 0, 12), 'c']] 0.051
 > Model[[(2, 1, 1), (1, 0, 1, 12), 'c']] 0.045
 > Model[[(2, 1, 1), (1, 0, 2, 12), 'c']] 0.040
 > Model[[(2, 1, 0), (1, 1, 2, 12), 'ct']] 0.025
 > Model[[(2, 1, 1), (1, 1, 0, 12), 'c']] 0.024
 > Model[[(2, 1, 1), (1, 1, 1, 12), 'c']] 0.025
 > Model[[(2, 1, 1), (2, 0, 0, 12), 'c']] 0.023
 > Model[[(2, 1, 1), (0, 1, 2, 12), 'n']] 0.027
 > Model[[(2, 1, 1), (2, 0, 1, 12), 'c']] 0.025
 > Model[[(2, 1, 1), (2, 0, 2, 12), 'c']] 0.029
 > Model[[(2, 1, 1), (1, 1, 2, 12), 'n']] 0.022
 > Model[[(2, 1, 0), (2, 1, 1, 12), 'ct']] 0.031
 > Model[[(2, 1, 1), (0, 0, 0, 0), 't']] 0.057
 > Model[[(2, 1, 1), (0, 0, 0, 12), 't']] 0.057
 > Model[[(2, 1, 1), (0, 0, 1, 12), 't']] 0.065
 > Model[[(2, 1, 1), (0, 0, 2, 12), 't']] 0.068
 > Model[[(2, 1, 1), (0, 1, 0, 12), 't']] 0.059
 > Model[[(2, 1, 0), (2, 1, 2, 12), 'ct']] 0.020
 > Model[[(2, 1, 1), (0, 1, 2, 12), 'c']] 0.029
 > Model[[(2, 1, 1), (1, 0, 0, 12), 't']] 0.044
 > Model[[(2, 1, 1), (1, 0, 1, 12), 't']] 0.044
 > Model[[(2, 1, 1), (0, 1, 1, 12), 't']] 0.042
 > Model[[(2, 1, 1), (2, 1, 0, 12), 'n']] 0.028
 > Model[[(2, 1, 1), (1, 0, 2, 12), 't']] 0.033
 > Model[[(2, 1, 1), (1, 1, 0, 12), 't']] 0.024
 > Model[[(2, 1, 1), (1, 1, 1, 12), 't']] 0.026
 > Model[[(2, 1, 1), (2, 0, 0, 12), 't']] 0.026
 > Model[[(2, 1, 1), (2, 0, 1, 12), 't']] 0.041
 > Model[[(2, 1, 1), (2, 0, 2, 12), 't']] 0.029
 > Model[[(2, 1, 1), (2, 1, 1, 12), 'n']] 0.029
 > Model[[(2, 1, 1), (2, 1, 2, 12), 'n']] 0.035
 > Model[[(2, 1, 1), (0, 0, 0, 0), 'ct']] 0.057
 > Model[[(2, 1, 1), (0, 0, 0, 12), 'ct']] 0.057
 > Model[[(2, 1, 1), (0, 0, 1, 12), 'ct']] 0.068
 > Model[[(2, 1, 1), (0, 0, 2, 12), 'ct']] 0.059
 > Model[[(2, 1, 1), (0, 1, 0, 12), 'ct']] 0.060
 > Model[[(2, 1, 1), (1, 1, 2, 12), 'c']] 0.020
 > Model[[(2, 1, 1), (0, 1, 1, 12), 'ct']] 0.043
 > Model[[(2, 1, 1), (1, 0, 0, 12), 'ct']] 0.060
 > Model[[(2, 1, 1), (1, 0, 1, 12), 'ct']] 0.051
 > Model[[(2, 1, 1), (2, 1, 0, 12), 'c']] 0.026
 > Model[[(2, 1, 1), (1, 1, 0, 12), 'ct']] 0.025
 > Model[[(2, 1, 1), (1, 0, 2, 12), 'ct']] 0.047
 > Model[[(2, 1, 1), (1, 1, 1, 12), 'ct']] 0.026
 > Model[[(2, 1, 1), (2, 0, 0, 12), 'ct']] 0.030
 > Model[[(2, 1, 1), (2, 0, 1, 12), 'ct']] 0.032
 > Model[[(2, 1, 1), (2, 1, 1, 12), 'c']] 0.027
 > Model[[(2, 1, 1), (2, 0, 2, 12), 'ct']] 0.024
 > Model[[(2, 1, 1), (0, 1, 2, 12), 't']] 0.026
 > Model[[(2, 1, 1), (2, 1, 2, 12), 'c']] 0.026
 > Model[[(2, 1, 2), (0, 0, 0, 0), 'n']] 0.058
 > Model[[(2, 1, 2), (0, 0, 0, 12), 'n']] 0.058
 > Model[[(2, 1, 1), (1, 1, 2, 12), 't']] 0.021
 > Model[[(2, 1, 2), (0, 0, 1, 12), 'n']] 0.057
 > Model[[(2, 1, 1), (2, 1, 0, 12), 't']] 0.028
 > Model[[(2, 1, 2), (0, 1, 0, 12), 'n']] 0.056
 > Model[[(2, 1, 2), (0, 0, 2, 12), 'n']] 0.070
 > Model[[(2, 1, 2), (0, 1, 1, 12), 'n']] 0.038
 > Model[[(2, 1, 2), (1, 0, 0, 12), 'n']] 0.044
 > Model[[(2, 1, 2), (1, 0, 1, 12), 'n']] 0.044
 > Model[[(2, 1, 2), (1, 1, 0, 12), 'n']] 0.023
 > Model[[(2, 1, 2), (1, 0, 2, 12), 'n']] 0.029
 > Model[[(2, 1, 2), (1, 1, 1, 12), 'n']] 0.027
 > Model[[(2, 1, 2), (2, 0, 0, 12), 'n']] 0.026
 > Model[[(2, 1, 1), (2, 1, 1, 12), 't']] 0.027
 > Model[[(2, 1, 2), (2, 0, 1, 12), 'n']] 0.027
 > Model[[(2, 1, 1), (2, 1, 2, 12), 't']] 0.023
 > Model[[(2, 1, 2), (2, 0, 2, 12), 'n']] 0.027
 > Model[[(2, 1, 1), (0, 1, 2, 12), 'ct']] 0.040
 > Model[[(2, 1, 2), (0, 0, 0, 0), 'c']] 0.057
 > Model[[(2, 1, 2), (0, 0, 0, 12), 'c']] 0.057
 > Model[[(2, 1, 2), (0, 0, 1, 12), 'c']] 0.058
 > Model[[(2, 1, 2), (0, 0, 2, 12), 'c']] 0.068
 > Model[[(2, 1, 2), (0, 1, 0, 12), 'c']] 0.058
 > Model[[(2, 1, 2), (0, 1, 1, 12), 'c']] 0.048
 > Model[[(2, 1, 1), (1, 1, 2, 12), 'ct']] 0.018
 > Model[[(2, 1, 2), (1, 0, 0, 12), 'c']] 0.034
 > Model[[(2, 1, 2), (1, 0, 1, 12), 'c']] 0.049
 > Model[[(2, 1, 1), (2, 1, 0, 12), 'ct']] 0.028
 > Model[[(2, 1, 2), (1, 0, 2, 12), 'c']] 0.030
 > Model[[(2, 1, 2), (1, 1, 0, 12), 'c']] 0.022
 > Model[[(2, 1, 2), (1, 1, 1, 12), 'c']] 0.028
 > Model[[(2, 1, 2), (0, 1, 2, 12), 'n']] 0.033
 > Model[[(2, 1, 2), (2, 0, 0, 12), 'c']] 0.028
 > Model[[(2, 1, 2), (2, 0, 1, 12), 'c']] 0.029
 > Model[[(2, 1, 2), (2, 0, 2, 12), 'c']] 0.024
 > Model[[(2, 1, 1), (2, 1, 1, 12), 'ct']] 0.028
 > Model[[(2, 1, 1), (2, 1, 2, 12), 'ct']] 0.024
 > Model[[(2, 1, 2), (0, 0, 0, 0), 't']] 0.058
 > Model[[(2, 1, 2), (0, 0, 0, 12), 't']] 0.058
 > Model[[(2, 1, 2), (0, 0, 1, 12), 't']] 0.061
 > Model[[(2, 1, 2), (0, 0, 2, 12), 't']] 0.060
 > Model[[(2, 1, 2), (0, 1, 0, 12), 't']] 0.059
 > Model[[(2, 1, 2), (0, 1, 1, 12), 't']] 0.047
 > Model[[(2, 1, 2), (1, 1, 2, 12), 'n']] 0.022
 > Model[[(2, 1, 2), (1, 0, 0, 12), 't']] 0.049
 > Model[[(2, 1, 2), (1, 0, 1, 12), 't']] 0.041
 > Model[[(2, 1, 2), (1, 0, 2, 12), 't']] 0.027
 > Model[[(2, 1, 2), (1, 1, 0, 12), 't']] 0.021
 > Model[[(2, 1, 2), (1, 1, 1, 12), 't']] 0.029
 > Model[[(2, 1, 2), (2, 1, 0, 12), 'n']] 0.029
 > Model[[(2, 1, 2), (0, 1, 2, 12), 'c']] 0.038
 > Model[[(2, 1, 2), (2, 0, 0, 12), 't']] 0.022
 > Model[[(2, 1, 2), (2, 0, 1, 12), 't']] 0.022
 > Model[[(2, 1, 2), (2, 0, 2, 12), 't']] 0.021
 > Model[[(2, 1, 2), (2, 1, 2, 12), 'n']] 0.021
 > Model[[(2, 1, 2), (2, 1, 1, 12), 'n']] 0.028
 > Model[[(2, 1, 2), (0, 0, 0, 0), 'ct']] 0.059
 > Model[[(2, 1, 2), (0, 0, 0, 12), 'ct']] 0.059
 > Model[[(2, 1, 2), (0, 0, 1, 12), 'ct']] 0.057
 > Model[[(2, 1, 2), (0, 0, 2, 12), 'ct']] 0.069
 > Model[[(2, 1, 2), (0, 1, 0, 12), 'ct']] 0.060
 > Model[[(2, 1, 2), (0, 1, 1, 12), 'ct']] 0.046
 > Model[[(2, 1, 2), (1, 1, 2, 12), 'c']] 0.018
 > Model[[(2, 1, 2), (1, 0, 0, 12), 'ct']] 0.047
 > Model[[(2, 1, 2), (1, 0, 1, 12), 'ct']] 0.053
 > Model[[(2, 1, 2), (2, 1, 0, 12), 'c']] 0.025
 > Model[[(2, 1, 2), (1, 1, 0, 12), 'ct']] 0.026
 > Model[[(2, 1, 2), (1, 0, 2, 12), 'ct']] 0.031
 > Model[[(2, 1, 2), (1, 1, 1, 12), 'ct']] 0.028
 > Model[[(2, 1, 2), (2, 0, 0, 12), 'ct']] 0.024
 > Model[[(2, 1, 2), (2, 1, 2, 12), 'c']] 0.025
 > Model[[(2, 1, 2), (2, 1, 1, 12), 'c']] 0.032
 > Model[[(2, 1, 2), (2, 0, 1, 12), 'ct']] 0.023
 > Model[[(2, 1, 2), (2, 0, 2, 12), 'ct']] 0.020
 > Model[[(2, 1, 2), (0, 1, 2, 12), 't']] 0.035
 > Model[[(2, 1, 2), (1, 1, 2, 12), 't']] 0.018
 > Model[[(2, 1, 2), (2, 1, 0, 12), 't']] 0.028
 > Model[[(2, 1, 2), (0, 1, 2, 12), 'ct']] 0.036
 > Model[[(2, 1, 2), (2, 1, 1, 12), 't']] 0.028
 > Model[[(2, 1, 2), (2, 1, 2, 12), 't']] 0.019
 > Model[[(2, 1, 2), (1, 1, 2, 12), 'ct']] 0.015
 > Model[[(2, 1, 2), (2, 1, 0, 12), 'ct']] 0.032
 > Model[[(2, 1, 2), (2, 1, 2, 12), 'ct']] 0.017
 > Model[[(2, 1, 2), (2, 1, 1, 12), 'ct']] 0.030
done
[(2, 1, 2), (1, 1, 2, 12), 'ct'] 0.015259337503917654
[(2, 1, 2), (2, 1, 2, 12), 'ct'] 0.01678216394166141
[(2, 1, 0), (2, 1, 2, 12), 'c'] 0.017807423389270625

